145.0,2.0,3.0,1,0,0,0,0,1,0,1.0,1.0,0.0,0.178355335534,-0.719471947195,-0.0312627153126,0.00299800972464,0.203289683807,0
160.0,2.0,2.0,0,0,0,1,1,0,0,1.0,0.0,1.0,0.261688668867,0.280528052805,0.0897418508974,-0.317612677298,0.0742574257426,0
120.0,2.0,2.0,0,0,1,0,0,0,1,1.0,0.0,1.0,0.261688668867,0.280528052805,-0.040395135404,-0.157307333787,0.251676780581,1
130.0,0.0,3.0,1,0,0,0,1,0,0,1.0,0.0,0.0,-0.363311331133,-0.0528052805281,0.0075500700755,0.285440757816,0.396838070904,0
130.0,2.0,1.0,1,0,0,0,1,0,0,0.0,0.0,0.0,-0.2799779978,-0.386138613861,-0.0974727609747,0.170936941022,0.0581283934845,0
120.0,0.0,1.0,1,0,0,0,1,0,0,1.0,0.0,0.0,0.0325220022002,-0.386138613861,-0.0244134002441,0.21673846774,-0.0386458000639,0
140.0,2.0,3.0,0,0,1,0,1,0,0,0.0,0.0,0.0,0.1575220022,0.280528052805,0.0486459604865,0.0793338875872,0.412967103162,0
120.0,0.0,1.0,1,0,0,0,1,0,0,0.0,0.0,1.0,0.0533553355336,0.280528052805,0.24499299245,0.102234650946,-0.07090386458,0
130.0,2.0,2.0,0,1,0,0,0,0,1,1.0,0.0,0.0,0.178355335534,0.280528052805,0.0166824901668,-0.0199027536341,0.0581283934845,0
140.0,2.0,3.0,1,0,0,0,0,0,1,1.0,1.0,1.0,-0.0299779977998,0.280528052805,-0.0997558659976,0.0411659486559,0.332321941872,1
140.0,0.0,2.0,1,0,0,0,0,1,0,1.0,0.0,0.0,0.0533553355336,0.280528052805,-0.124870021249,-0.0122691658479,-0.103161929096,0
140.0,2.0,2.0,1,0,0,0,1,0,0,0.0,0.0,0.0,0.0325220022002,-0.386138613861,0.10800669108,0.0258987730834,0.0419993612264,0
130.0,2.0,2.0,0,1,0,0,0,1,0,1.0,1.0,1.0,0.0325220022002,-0.0528052805281,0.0212487002125,-0.0580706925654,-0.07090386458,0
120.0,0.0,1.0,1,0,0,0,0,0,1,1.0,0.0,0.0,-0.2174779978,-0.386138613861,0.0372304353723,0.178570528809,-0.167678058128,0
172.0,0.0,1.0,1,0,0,0,0,0,1,1.0,1.0,0.0,-0.0508113311331,-0.0528052805281,-0.108888286089,0.0946010631598,-0.0870328968381,0
150.0,0.0,1.0,1,0,0,0,1,0,0,1.0,0.0,0.0,0.0533553355336,-0.0528052805281,-0.179664541797,0.186204116595,0.0903864580006,0
110.0,0.0,3.0,1,0,0,0,0,0,1,1.0,0.0,0.0,-0.134144664466,-0.386138613861,-0.040395135404,0.140402589877,-0.00638773554775,1
140.0,0.0,1.0,1,0,0,0,1,0,0,1.0,0.0,0.0,-0.00914466446645,0.280528052805,-0.0175640851756,0.0793338875872,0.0258703289684,0
130.0,0.0,1.0,1,0,0,0,1,0,0,0.0,0.0,0.0,-0.134144664466,-0.0528052805281,0.0646276956463,-0.0809714559242,-0.135419993612,0
130.0,0.0,1.0,1,0,0,0,1,0,0,1.0,0.0,0.0,-0.113311331133,-0.386138613861,0.0440797504408,0.163303353236,-0.07090386458,0
110.0,2.0,2.0,1,0,0,0,1,0,0,1.0,0.0,1.0,0.199188668867,-0.719471947195,-0.0814910258149,-0.0428035169929,0.122644522517,0
150.0,2.0,1.0,1,0,0,0,1,0,0,0.0,1.0,0.0,0.0741886688669,-0.719471947195,0.0828925358289,0.0946010631598,-0.00638773554775,0
120.0,2.0,2.0,1,0,0,0,1,0,0,1.0,0.0,0.0,0.0741886688669,-0.386138613861,0.0851756408518,0.0793338875872,0.122644522517,1
132.0,2.0,1.0,0,0,1,0,0,0,1,1.0,0.0,0.0,0.0741886688669,-0.0528052805281,-0.0518106605181,0.178570528809,0.34845097413,0
130.0,2.0,2.0,0,0,1,0,0,0,1,1.0,0.0,1.0,0.115855335534,0.280528052805,-0.0929065509291,-0.134406570428,0.219418716065,0
120.0,0.0,2.0,1,0,0,0,1,0,0,0.0,0.0,0.0,-0.0924779977998,-0.0528052805281,-0.0632261856323,0.0640667120147,0.0903864580006,0
120.0,0.0,1.0,1,0,0,0,1,0,0,0.0,0.0,0.0,0.0741886688669,-0.0528052805281,0.21302952213,0.170936941022,-0.167678058128,0
150.0,0.0,3.0,1,0,0,0,1,0,0,0.0,0.0,0.0,0.240855335534,-0.719471947195,-0.0472444504724,-0.271811150581,0.251676780581,0
150.0,0.0,1.0,1,0,0,0,1,0,0,1.0,0.0,0.0,-0.238311331133,0.280528052805,0.000700755007008,0.163303353236,0.0742574257426,0
110.0,2.0,2.0,1,0,0,0,0,0,1,1.0,0.0,1.0,-0.300811331133,0.280528052805,-0.181947646819,-0.271811150581,0.154902587033,0
140.0,0.0,1.0,0,0,1,0,1,0,0,0.0,0.0,0.0,0.303355335534,-0.719471947195,-0.0175640851756,0.0106315975109,0.122644522517,0
117.0,0.0,1.0,0,0,1,0,0,0,1,1.0,1.0,1.0,0.115855335534,0.280528052805,-0.0381120303811,0.0793338875872,0.0581283934845,0
140.0,0.0,1.0,1,0,0,0,1,0,0,1.0,0.0,0.0,0.199188668867,-0.0528052805281,0.201613997016,0.0640667120147,-0.167678058128,1
135.0,0.0,2.0,1,0,0,0,0,0,1,1.0,0.0,0.0,0.0950220022002,0.280528052805,-0.0289796102898,0.0869674753735,-0.0870328968381,0
130.0,0.0,1.0,1,0,0,0,1,0,0,1.0,0.0,1.0,-0.2174779978,-0.0528052805281,-0.0312627153126,0.224372055526,-0.103161929096,0
140.0,0.0,1.0,1,0,0,0,1,0,0,1.0,0.0,0.0,-0.259144664466,0.280528052805,-0.0472444504724,0.21673846774,-0.167678058128,0
120.0,2.0,2.0,1,0,0,0,0,0,1,1.0,0.0,1.0,-0.238311331133,0.280528052805,-0.159116596591,-0.226009623863,0.235547748323,0
150.0,2.0,2.0,0,1,0,0,0,1,0,1.0,0.0,1.0,0.0533553355336,0.280528052805,0.0669108006691,-0.287078326153,-0.07090386458,1
132.0,0.0,2.0,0,1,0,0,0,0,1,1.0,0.0,1.0,0.0116886688669,0.280528052805,0.242709887427,-0.134406570428,0.0258703289684,0
150.0,0.0,2.0,1,0,0,0,1,0,0,1.0,1.0,1.0,0.136688668867,-0.0528052805281,-0.00843166508432,-0.0962386314967,-0.00638773554775,0
150.0,2.0,2.0,0,0,0,1,0,0,1,0.0,0.0,0.0,0.2200220022,0.280528052805,-0.0495275554953,-0.271811150581,-0.00638773554775,0
140.0,0.0,1.0,1,0,0,0,0,0,1,1.0,0.0,1.0,-0.300811331133,-0.719471947195,-0.108888286089,0.21673846774,0.0581283934845,0
160.0,0.0,1.0,0,0,1,0,1,0,0,0.0,0.0,0.0,0.3450220022,-0.386138613861,0.126271531263,0.0946010631598,-0.103161929096,0
150.0,0.0,1.0,1,0,0,0,1,0,0,1.0,1.0,0.0,0.0950220022002,-0.0528052805281,-0.0792079207921,0.0564331242285,0.0903864580006,0
130.0,2.0,1.0,1,0,0,0,1,0,0,0.0,0.0,0.0,0.136688668867,0.280528052805,0.190198471902,0.148036177664,-0.167678058128,1
112.0,2.0,2.0,0,1,0,0,0,0,1,1.0,0.0,0.0,0.0741886688669,-0.0528052805281,-0.0381120303811,0.117501826519,0.235547748323,0
110.0,0.0,1.0,1,0,0,0,1,0,0,1.0,0.0,0.0,-0.0716446644664,-0.0528052805281,-0.163682806637,-0.203108860504,-0.07090386458,0
150.0,2.0,2.0,1,0,0,0,0,0,1,1.0,0.0,0.0,-0.0924779977998,0.280528052805,-0.00843166508432,-0.164940921573,0.251676780581,0
140.0,2.0,1.0,0,1,0,0,1,0,0,0.0,1.0,0.0,0.2200220022,-0.0528052805281,0.388828608888,0.0564331242285,-0.0386458000639,0
130.0,2.0,3.0,1,0,0,0,1,0,0,1.0,1.0,0.0,-0.0299779977998,-0.0528052805281,-0.113454496135,0.0182651852972,0.0258703289684,0
105.0,0.0,1.0,0,1,0,0,1,0,0,0.0,0.0,0.0,-0.2799779978,-0.386138613861,-0.111171391112,0.140402589877,-0.167678058128,0
120.0,0.0,1.0,1,0,0,0,0,0,1,1.0,0.0,0.0,0.2200220022,0.280528052805,-0.159116596591,-0.073337868138,-0.103161929096,0
112.0,2.0,1.0,0,1,0,0,1,0,0,1.0,0.0,0.0,-0.2174779978,0.280528052805,0.0988742709887,0.0258987730834,-0.167678058128,0
130.0,2.0,1.0,1,0,0,0,1,0,0,1.0,0.0,0.0,-0.2174779978,-0.386138613861,-0.0632261856323,0.293074345602,-0.167678058128,0
130.0,0.0,1.0,0,1,0,0,0,0,1,1.0,0.0,1.0,0.115855335534,0.280528052805,0.014399385144,-0.0428035169929,0.0581283934845,1
124.0,2.0,2.0,0,1,0,0,0,0,1,1.0,0.0,1.0,-0.00914466446645,0.280528052805,0.0440797504408,-0.309979089512,0.187160651549,1
140.0,0.0,2.0,0,1,0,0,0,0,1,1.0,0.0,0.0,-0.0924779977998,-0.0528052805281,-0.0312627153126,0.102234650946,-0.07090386458,1
110.0,2.0,1.0,1,0,0,0,0,0,1,1.0,0.0,0.0,-0.2799779978,0.280528052805,-0.170532121705,0.0640667120147,-0.167678058128,1
125.0,2.0,3.0,0,1,0,0,1,0,0,1.0,0.0,0.0,-0.00914466446645,-0.0528052805281,0.0600614856006,0.0182651852972,-0.0870328968381,0
125.0,2.0,1.0,0,1,0,0,1,0,0,1.0,0.0,1.0,-0.0716446644664,-0.719471947195,-0.0769248157692,-0.187841684932,0.0581283934845,0
130.0,0.0,2.0,1,0,0,0,0,0,1,0.0,0.0,1.0,-0.0716446644664,0.280528052805,0.133120846331,-0.0580706925654,0.0258703289684,0
142.0,2.0,3.0,1,0,0,0,1,0,0,0.0,0.0,1.0,-0.175811331133,-0.0528052805281,-0.159116596591,0.0793338875872,0.0581283934845,0
128.0,2.0,2.0,0,0,0,1,0,0,1,1.0,0.0,1.0,0.0741886688669,0.280528052805,-0.0700755007008,-0.142040158214,0.187160651549,1
135.0,0.0,1.0,1,0,0,0,1,0,0,0.0,1.0,0.0,-0.00914466446645,-0.0528052805281,0.130837741308,0.15566976545,-0.167678058128,0
120.0,0.0,2.0,0,1,0,0,0,0,1,1.0,0.0,0.0,-0.00914466446645,0.280528052805,-0.13400244134,-0.279444738367,0.0581283934845,0
145.0,2.0,2.0,0,0,1,0,0,0,1,1.0,0.0,1.0,0.115855335534,0.280528052805,0.0806094308061,-0.0580706925654,0.283934845097,0
140.0,2.0,2.0,1,0,0,0,1,0,0,1.0,0.0,0.0,0.115855335534,-0.0528052805281,-0.140851756409,0.0411659486559,0.316192909614,1
150.0,2.0,1.0,1,0,0,0,0,0,1,1.0,0.0,0.0,-0.00914466446645,-0.0528052805281,-0.0335458203355,0.117501826519,0.0903864580006,0
170.0,2.0,3.0,1,0,0,0,0,0,1,1.0,0.0,1.0,0.0950220022002,0.280528052805,0.181066051811,-0.073337868138,0.380709038646,0
150.0,0.0,2.0,1,0,0,0,1,0,0,1.0,0.0,0.0,-0.175811331133,-0.0528052805281,-0.0358289253583,-0.0199027536341,0.412967103162,1
155.0,0.0,1.0,1,0,0,0,1,0,0,0.0,0.0,0.0,0.2200220022,-0.0528052805281,0.0509290655093,-0.0122691658479,-0.0386458000639,0
125.0,0.0,2.0,0,0,1,0,0,0,1,1.0,1.0,0.0,0.261688668867,0.280528052805,0.0166824901668,0.102234650946,-0.135419993612,0
120.0,0.0,2.0,0,0,1,0,0,0,1,1.0,0.0,1.0,0.1575220022,0.280528052805,0.0463628554636,-0.386314967375,0.122644522517,1
110.0,2.0,1.0,0,0,1,0,0,1,0,1.0,0.0,0.0,0.2200220022,0.280528052805,0.00298386002984,0.0640667120147,-0.07090386458,1
110.0,2.0,1.0,0,1,0,0,1,0,0,1.0,0.0,0.0,-0.2174779978,0.280528052805,-0.113454496135,0.209104879954,-0.167678058128,1
160.0,2.0,1.0,1,0,0,0,1,0,0,0.0,0.0,0.0,0.2200220022,-0.0528052805281,0.258691622587,0.0106315975109,-0.0386458000639,0
125.0,2.0,2.0,0,1,0,0,0,0,1,1.0,0.0,1.0,0.115855335534,0.280528052805,0.0258149102581,-0.0657042803517,0.283934845097,1
140.0,2.0,1.0,0,1,0,0,1,0,0,0.0,0.0,0.0,-0.0716446644664,-0.0528052805281,0.1399701614,-0.0580706925654,0.0742574257426,0
130.0,2.0,2.0,1,0,0,0,1,0,0,1.0,0.0,0.0,-0.134144664466,-0.386138613861,-0.00386545503865,0.232005643312,-0.135419993612,0
150.0,2.0,1.0,1,0,0,0,0,0,1,1.0,0.0,1.0,0.0741886688669,0.280528052805,0.0532121705321,-0.294711913939,-0.0386458000639,0
104.0,2.0,2.0,1,0,0,0,1,0,0,1.0,0.0,1.0,-0.196644664466,0.280528052805,-0.0883403408834,-0.0122691658479,0.316192909614,0
130.0,2.0,2.0,1,0,0,0,1,0,0,0.0,0.0,0.0,-0.0299779977998,0.280528052805,0.0395135403951,-0.0504371047792,-0.103161929096,0
140.0,2.0,1.0,1,0,0,0,1,0,0,1.0,0.0,0.0,-0.321644664466,-0.0528052805281,0.169650526697,0.247272818885,-0.167678058128,0
180.0,2.0,2.0,1,0,0,0,0,0,1,1.0,1.0,1.0,0.2825220022,-0.0528052805281,0.0623445906234,0.00299800972464,0.0903864580006,0
120.0,0.0,1.0,1,0,0,0,1,0,0,1.0,0.0,0.0,-0.0508113311331,-0.386138613861,0.178782946788,0.170936941022,-0.135419993612,0
140.0,2.0,1.0,1,0,0,0,1,0,0,1.0,0.0,0.0,-0.2174779978,-0.0528052805281,-0.026696505267,0.232005643312,-0.167678058128,0
138.0,2.0,1.0,1,0,0,0,1,0,0,1.0,0.0,0.0,-0.1549779978,-0.0528052805281,0.0235318052353,0.0487995364422,-0.167678058128,0
128.0,2.0,1.0,1,0,0,0,1,0,0,0.0,0.0,0.0,-0.0299779977998,-0.0528052805281,-0.0700755007008,-0.264177562794,-0.167678058128,0
138.0,2.0,1.0,1,0,0,0,1,0,0,0.0,0.0,0.0,-0.0299779977998,0.280528052805,-0.0289796102898,0.0793338875872,-0.167678058128,0
130.0,2.0,1.0,1,0,0,0,1,0,0,0.0,0.0,0.0,-0.0716446644664,-0.0528052805281,0.0212487002125,-0.00463557806162,-0.0870328968381,0
120.0,2.0,2.0,1,0,0,0,1,0,0,1.0,0.0,0.0,0.240855335534,0.280528052805,0.126271531263,0.0106315975109,-0.103161929096,0
160.0,2.0,3.0,0,0,0,1,0,0,1,0.0,0.0,0.0,0.1575220022,0.280528052805,-0.188796961888,-0.0351699292067,0.832321941872,0
130.0,0.0,2.0,0,0,0,1,0,0,1,1.0,0.0,0.0,0.1575220022,-0.0528052805281,-0.0358289253583,-0.0275363414204,0.122644522517,0
108.0,0.0,2.0,1,0,0,0,1,0,0,0.0,0.0,0.0,-0.2174779978,-0.0528052805281,-0.241308377413,0.193837704381,-0.07090386458,0
135.0,2.0,1.0,1,0,0,0,1,0,0,0.0,0.0,0.0,0.178355335534,-0.0528052805281,0.0121162801212,0.170936941022,-0.167678058128,0
128.0,0.0,1.0,0,1,0,0,0,0,1,1.0,0.0,1.0,-0.0508113311331,0.280528052805,0.0189655951897,0.0869674753735,-0.167678058128,1
110.0,2.0,2.0,0,1,0,0,0,0,1,1.0,0.0,1.0,0.0950220022002,0.280528052805,-0.0175640851756,-0.0580706925654,0.0258703289684,0
150.0,2.0,2.0,0,0,1,0,0,0,1,0.0,0.0,0.0,0.115855335534,0.280528052805,0.0258149102581,0.0564331242285,0.251676780581,0
134.0,0.0,1.0,0,1,0,0,1,0,0,1.0,0.0,0.0,-0.0508113311331,-0.386138613861,-0.104322076043,0.0640667120147,-0.0386458000639,0
122.0,2.0,1.0,1,0,0,0,1,0,0,1.0,0.0,0.0,-0.134144664466,0.280528052805,-0.0563768705638,0.27780717003,-0.167678058128,0
115.0,2.0,1.0,1,0,0,0,1,0,0,1.0,0.0,0.0,-0.196644664466,0.280528052805,0.0303811203038,0.270173582244,-0.167678058128,0
118.0,2.0,1.0,1,0,0,0,1,0,0,1.0,0.0,0.0,-0.425811331133,-0.719471947195,-0.147701071477,0.186204116595,-0.167678058128,0
128.0,2.0,1.0,0,1,0,0,1,0,0,0.0,0.0,0.0,0.0533553355336,0.280528052805,0.128554636286,0.071700299801,-0.167678058128,0
110.0,2.0,1.0,0,1,0,0,1,0,0,0.0,1.0,0.0,0.3450220022,-0.0528052805281,0.041796645418,-0.149673746001,-0.167678058128,0
120.0,0.0,2.0,0,0,0,1,0,0,1,1.0,0.0,0.0,-0.113311331133,-0.0528052805281,-0.13400244134,-0.0809714559242,0.154902587033,0
108.0,0.0,1.0,1,0,0,0,0,0,1,1.0,0.0,0.0,-0.00914466446645,-0.386138613861,0.142253266423,0.0487995364422,-0.167678058128,0
140.0,0.0,1.0,0,1,0,0,0,0,1,1.0,0.0,1.0,0.0950220022002,0.280528052805,-0.159116596591,0.0946010631598,-0.167678058128,0
128.0,2.0,2.0,0,1,0,0,0,0,1,1.0,0.0,0.0,0.0533553355336,-0.0528052805281,-0.040395135404,0.00299800972464,-0.103161929096,1
120.0,0.0,2.0,0,1,0,0,0,0,1,1.0,0.0,1.0,0.136688668867,0.280528052805,0.0303811203038,-0.073337868138,0.412967103162,0
118.0,0.0,2.0,1,0,0,0,0,0,1,1.0,0.0,0.0,-0.321644664466,0.280528052805,-0.0632261856323,-0.073337868138,0.0258703289684,0
145.0,2.0,2.0,1,0,0,0,0,0,1,0.0,0.0,1.0,0.136688668867,0.280528052805,0.137687056377,-0.0275363414204,-0.00638773554775,1
125.0,2.0,2.0,0,1,0,0,1,0,0,1.0,1.0,1.0,0.0325220022002,0.280528052805,0.00526696505267,-0.0428035169929,0.0258703289684,1
118.0,2.0,2.0,1,0,0,0,0,1,0,1.0,0.0,0.0,-0.0508113311331,-0.719471947195,-0.138568651386,0.308341521175,-0.167678058128,0
132.0,2.0,2.0,1,0,0,0,0,0,1,0.0,1.0,1.0,-0.238311331133,0.280528052805,0.215312627153,-0.103872219283,0.316192909614,0
130.0,0.0,2.0,0,1,0,0,0,0,1,0.0,0.0,0.0,0.1575220022,-0.0528052805281,0.0372304353723,-0.401582142947,0.0258703289684,0
135.0,0.0,2.0,1,0,0,0,0,1,0,1.0,0.0,0.0,-0.2799779978,-0.386138613861,-0.0997558659976,-0.134406570428,-0.167678058128,0
140.0,2.0,1.0,1,0,0,0,1,0,0,1.0,1.0,0.0,0.0741886688669,-0.0528052805281,-0.0814910258149,0.117501826519,-0.167678058128,0
138.0,0.0,1.0,1,0,0,0,1,0,0,0.0,0.0,0.0,-0.4049779978,0.280528052805,-0.145417966454,0.247272818885,0.0581283934845,0
130.0,2.0,1.0,0,0,0,1,0,0,1,1.0,1.0,1.0,0.178355335534,0.280528052805,0.190198471902,-0.134406570428,0.122644522517,0
135.0,2.0,2.0,0,1,0,0,0,0,1,1.0,0.0,0.0,0.2200220022,0.280528052805,0.0166824901668,-0.172574509359,0.283934845097,0
130.0,2.0,1.0,0,0,1,0,0,0,1,1.0,1.0,1.0,-0.134144664466,0.280528052805,0.0212487002125,0.00299800972464,-0.167678058128,0
150.0,2.0,2.0,0,0,0,1,0,0,1,0.0,0.0,0.0,0.178355335534,0.280528052805,0.36599755866,0.0335323608697,0.477483232194,0
100.0,0.0,2.0,1,0,0,0,1,0,0,1.0,0.0,1.0,-0.0716446644664,-0.0528052805281,-0.0563768705638,-0.0504371047792,0.0258703289684,0
140.0,0.0,3.0,1,0,0,0,0,0,1,1.0,0.0,1.0,0.0116886688669,0.280528052805,-0.0677923956779,-0.294711913939,0.735547748323,0
138.0,2.0,2.0,0,1,0,0,1,0,0,1.0,1.0,0.0,0.2200220022,-0.719471947195,0.0806094308061,0.186204116595,0.0581283934845,1
130.0,2.0,2.0,1,0,0,0,1,0,0,0.0,0.0,0.0,-0.196644664466,-0.386138613861,-0.0289796102898,0.193837704381,-0.07090386458,0
200.0,2.0,3.0,0,0,1,0,0,0,1,0.0,1.0,1.0,0.0325220022002,0.280528052805,0.0943080609431,-0.126772982642,0.477483232194,0
110.0,0.0,2.0,0,1,0,0,0,0,1,1.0,0.0,1.0,-0.00914466446645,0.280528052805,-0.0175640851756,-0.180208097146,0.283934845097,0
120.0,0.0,1.0,1,0,0,0,1,0,0,1.0,0.0,0.0,-0.2174779978,-0.386138613861,-0.0609430806094,0.15566976545,-0.167678058128,0
124.0,0.0,1.0,1,0,0,0,1,0,0,0.0,0.0,0.0,0.1575220022,0.280528052805,-0.0860572358606,0.102234650946,-0.167678058128,0
120.0,2.0,2.0,1,0,0,0,0,0,1,1.0,0.0,0.0,-0.00914466446645,-0.0528052805281,0.0258149102581,-0.0199027536341,-0.103161929096,0
94.0,0.0,1.0,0,1,0,0,0,0,1,1.0,0.0,1.0,-0.0716446644664,-0.0528052805281,-0.0449613454496,0.0335323608697,-0.167678058128,0
130.0,2.0,1.0,1,0,0,0,1,0,0,1.0,0.0,0.0,-0.5299779978,-0.386138613861,-0.0974727609747,0.39994457461,-0.167678058128,0
140.0,2.0,1.0,1,0,0,0,1,0,0,1.0,0.0,1.0,-0.0716446644664,0.280528052805,0.0326642253266,0.27780717003,-0.167678058128,0
122.0,0.0,2.0,1,0,0,0,1,0,0,0.0,0.0,0.0,-0.238311331133,-0.0528052805281,-0.0769248157692,0.117501826519,-0.135419993612,0
135.0,2.0,2.0,1,0,0,0,1,0,0,0.0,0.0,0.0,0.0116886688669,-0.386138613861,0.0075500700755,0.0869674753735,0.0581283934845,0
145.0,0.0,3.0,1,0,0,0,0,0,1,1.0,0.0,1.0,0.324188668867,0.280528052805,-0.16596591166,-0.187841684932,0.251676780581,0
120.0,2.0,2.0,0,1,0,0,0,0,1,1.0,0.0,0.0,0.1575220022,-0.386138613861,0.0783263257833,-0.35578061623,0.0581283934845,0
120.0,0.0,2.0,1,0,0,0,0,0,1,1.0,0.0,1.0,-0.4049779978,0.280528052805,-0.111171391112,-0.149673746001,0.0903864580006,1
125.0,2.0,2.0,1,0,0,0,1,0,0,1.0,1.0,0.0,-0.0716446644664,-0.0528052805281,-0.00386545503865,0.125135414305,0.219418716065,0
140.0,0.0,1.0,1,0,0,0,1,0,0,1.0,0.0,1.0,0.0950220022002,-0.386138613861,-0.0586599755866,0.109868238732,-0.167678058128,0
170.0,2.0,2.0,1,0,0,0,0,0,1,1.0,0.0,0.0,0.0950220022002,-0.719471947195,0.0943080609431,0.071700299801,-0.135419993612,1
128.0,0.0,1.0,1,0,0,0,1,0,0,1.0,1.0,0.0,-0.0508113311331,-0.386138613861,-0.0951896559519,0.262539994457,-0.167678058128,0
125.0,0.0,2.0,1,0,0,0,0,0,1,1.0,0.0,1.0,0.199188668867,-0.0528052805281,0.142253266423,-0.142040158214,0.122644522517,1
105.0,2.0,2.0,1,0,0,0,0,0,1,1.0,0.0,1.0,0.0741886688669,-0.0528052805281,-0.0152809801528,0.0335323608697,-0.07090386458,0
108.0,0.0,1.0,1,0,0,0,1,0,0,1.0,0.0,0.0,-0.1549779978,-0.0528052805281,-0.00843166508432,0.0182651852972,-0.167678058128,1
165.0,2.0,2.0,0,0,0,1,0,0,1,1.0,1.0,0.0,0.0533553355336,0.280528052805,0.0965911659659,-0.195475272718,-0.00638773554775,0
112.0,0.0,1.0,1,0,0,0,1,0,0,1.0,0.0,0.0,-0.2799779978,-0.0528052805281,0.0075500700755,0.224372055526,-0.167678058128,0
128.0,2.0,1.0,1,0,0,0,1,0,0,1.0,0.0,0.0,-0.196644664466,-0.386138613861,0.1399701614,0.15566976545,-0.167678058128,0
102.0,0.0,1.0,0,1,0,0,1,0,0,0.0,0.0,0.0,0.115855335534,-0.0528052805281,0.162801211628,0.0793338875872,-0.167678058128,0
152.0,0.0,2.0,1,0,0,0,0,0,1,1.0,1.0,0.0,-0.0508113311331,-0.719471947195,0.117139111171,0.21673846774,0.0258703289684,0
102.0,2.0,2.0,1,0,0,0,1,0,0,0.0,0.0,0.0,-0.259144664466,0.280528052805,0.041796645418,-0.210742448291,-0.07090386458,0
115.0,2.0,2.0,1,0,0,0,0,0,1,0.0,0.0,0.0,0.261688668867,-0.0528052805281,0.724445047244,0.0793338875872,0.0903864580006,0
160.0,2.0,2.0,0,1,0,0,0,0,1,1.0,0.0,1.0,0.0116886688669,0.280528052805,0.0965911659659,-0.0351699292067,-0.0386458000639,0
120.0,2.0,3.0,0,1,0,0,1,0,0,1.0,0.0,1.0,0.199188668867,0.280528052805,-0.00158235001582,-0.409215730733,0.187160651549,0
130.0,2.0,2.0,0,0,0,1,1,0,0,1.0,0.0,0.0,0.324188668867,0.280528052805,0.171933631719,-0.309979089512,0.219418716065,1
140.0,0.0,1.0,1,0,0,0,0,0,1,1.0,0.0,1.0,-0.0716446644664,0.280528052805,0.119422216194,0.178570528809,0.0903864580006,1
125.0,2.0,1.0,0,0,1,0,0,0,1,1.0,0.0,0.0,0.0741886688669,0.280528052805,0.121705321217,0.163303353236,-0.167678058128,1
140.0,2.0,2.0,0,0,1,0,0,0,1,1.0,0.0,0.0,0.115855335534,0.280528052805,0.105723586057,0.15566976545,0.0258703289684,0
118.0,0.0,1.0,0,1,0,0,0,0,1,1.0,0.0,0.0,0.2825220022,-0.0528052805281,0.0691939056919,0.0106315975109,-0.00638773554775,0
101.0,0.0,1.0,1,0,0,0,0,0,1,1.0,1.0,0.0,-0.175811331133,-0.386138613861,-0.113454496135,0.0487995364422,-0.167678058128,0
125.0,2.0,1.0,0,0,0,1,1,0,0,1.0,0.0,1.0,0.4700220022,0.280528052805,0.130837741308,0.0946010631598,-0.167678058128,0
110.0,0.0,2.0,1,0,0,0,1,0,0,0.0,0.0,0.0,-0.00914466446645,-0.0528052805281,-0.0746417107464,0.0640667120147,0.0903864580006,0
100.0,2.0,2.0,1,0,0,0,1,0,0,0.0,0.0,0.0,0.0741886688669,0.280528052805,0.00298386002984,-0.210742448291,-0.00638773554775,0
124.0,0.0,1.0,0,0,1,0,1,0,0,1.0,1.0,0.0,-0.134144664466,-0.0528052805281,0.0189655951897,0.193837704381,-0.167678058128,0
132.0,0.0,1.0,1,0,0,0,0,0,1,1.0,0.0,1.0,0.0533553355336,0.280528052805,-0.0906234459062,0.140402589877,-0.167678058128,0
138.0,0.0,1.0,1,0,0,0,1,0,0,1.0,0.0,0.0,-0.0508113311331,-0.0528052805281,-0.0540937655409,0.148036177664,-0.167678058128,0
132.0,2.0,1.0,0,1,0,0,1,0,0,0.0,1.0,1.0,-0.00914466446645,-0.386138613861,0.0943080609431,0.071700299801,-0.167678058128,0
126.0,2.0,1.0,1,0,0,0,0,0,1,1.0,0.0,1.0,-0.4049779978,0.280528052805,0.0806094308061,0.0487995364422,-0.167678058128,1
112.0,0.0,2.0,1,0,0,0,1,0,0,0.0,0.0,0.0,-0.196644664466,-0.386138613861,-0.197929381979,-0.0886050437105,-0.167678058128,0
160.0,0.0,2.0,0,1,0,0,0,0,1,1.0,0.0,1.0,0.324188668867,-0.0528052805281,0.0509290655093,-0.287078326153,0.300063877355,0
142.0,2.0,1.0,1,0,0,0,0,0,1,1.0,0.0,1.0,-0.0299779977998,0.280528052805,-0.0472444504724,-0.294711913939,-0.167678058128,0
174.0,0.0,2.0,1,0,0,0,1,0,0,0.0,0.0,1.0,0.0950220022002,0.280528052805,0.00526696505267,-0.0504371047792,-0.167678058128,1
140.0,2.0,2.0,1,0,0,0,1,0,0,0.0,0.0,0.0,0.1575220022,0.280528052805,0.336317193363,0.0564331242285,0.0258703289684,0
145.0,2.0,2.0,0,0,1,0,0,1,0,1.0,0.0,0.0,0.199188668867,0.280528052805,-0.0792079207921,-0.134406570428,0.154902587033,0
152.0,0.0,2.0,0,1,0,0,0,0,1,1.0,0.0,1.0,0.0533553355336,0.280528052805,0.0623445906234,-0.470284433023,0.0258703289684,1
108.0,0.0,1.0,0,0,0,1,0,0,1,1.0,1.0,0.0,-0.0508113311331,0.280528052805,-0.0312627153126,-0.0199027536341,-0.15154902587,0
132.0,2.0,2.0,0,1,0,0,0,1,0,1.0,0.0,1.0,0.0325220022002,0.280528052805,-0.143134861431,-0.340513440657,0.171031619291,1
130.0,0.0,1.0,0,1,0,0,1,0,0,1.0,0.0,0.0,-0.238311331133,-0.0528052805281,0.15595189656,0.0946010631598,0.138773554775,0
130.0,2.0,1.0,0,0,0,1,1,0,0,1.0,1.0,0.0,-0.0299779977998,-0.0528052805281,-0.00158235001582,0.178570528809,-0.167678058128,0
124.0,2.0,2.0,1,0,0,0,0,0,1,1.0,0.0,0.0,-0.134144664466,0.280528052805,0.0623445906234,0.125135414305,-0.0870328968381,0
134.0,2.0,2.0,0,0,1,0,0,0,1,0.0,0.0,1.0,0.0325220022002,0.280528052805,0.370563768706,0.00299800972464,0.138773554775,0
148.0,2.0,1.0,0,0,1,0,1,0,0,1.0,0.0,0.0,-0.259144664466,-0.719471947195,-0.00614856006149,0.21673846774,-0.0386458000639,0
178.0,2.0,3.0,1,0,0,0,0,0,1,1.0,0.0,0.0,0.0950220022002,-0.719471947195,0.0532121705321,-0.0351699292067,0.50974129671,0
158.0,2.0,1.0,1,0,0,0,1,0,0,0.0,0.0,0.0,0.115855335534,0.280528052805,0.133120846331,0.0869674753735,-0.167678058128,1
140.0,0.0,1.0,0,0,1,0,1,0,0,0.0,0.0,0.0,0.178355335534,-0.386138613861,-0.11802070618,0.224372055526,-0.167678058128,0
120.0,0.0,3.0,1,0,0,0,0,0,1,1.0,1.0,0.0,-0.259144664466,-0.0528052805281,-0.0152809801528,0.33887587232,-0.0386458000639,0
160.0,0.0,2.0,0,0,0,1,0,1,0,1.0,0.0,1.0,0.240855335534,-0.386138613861,-0.00158235001582,-0.226009623863,-0.167678058128,0
192.0,2.0,1.0,0,1,0,0,0,0,1,1.0,0.0,0.0,-0.00914466446645,-0.386138613861,0.0828925358289,0.346509460106,-0.167678058128,1
140.0,2.0,2.0,0,0,0,1,0,0,1,1.0,0.0,0.0,0.303355335534,-0.0528052805281,0.0166824901668,-0.0275363414204,0.154902587033,0
129.0,0.0,1.0,1,0,0,0,1,0,0,1.0,0.0,0.0,-0.0924779977998,-0.0528052805281,-0.115737601157,0.102234650946,-0.167678058128,0
140.0,0.0,2.0,0,0,0,1,0,0,1,1.0,0.0,1.0,-0.0716446644664,0.280528052805,0.117139111171,-0.210742448291,0.50974129671,0
132.0,2.0,2.0,1,0,0,0,0,0,1,1.0,1.0,1.0,-0.238311331133,0.280528052805,0.000700755007008,-0.0504371047792,-0.15154902587,1
138.0,0.0,2.0,0,0,0,1,1,0,0,0.0,1.0,0.0,0.1575220022,0.280528052805,0.10800669108,-0.332879852871,0.138773554775,0
120.0,2.0,2.0,1,0,0,0,1,0,0,0.0,0.0,0.0,0.2825220022,-0.0528052805281,-0.0814910258149,-0.264177562794,0.0742574257426,0
100.0,2.0,2.0,0,0,1,0,1,0,0,1.0,0.0,1.0,0.261688668867,0.280528052805,0.119422216194,-0.187841684932,-0.0225167678058,0
160.0,2.0,2.0,0,1,0,0,1,0,0,1.0,1.0,0.0,0.303355335534,-0.719471947195,-0.0289796102898,-0.142040158214,-0.15154902587,0
138.0,2.0,2.0,1,0,0,0,1,0,0,0.0,0.0,1.0,-0.196644664466,0.280528052805,-0.0244134002441,0.0182651852972,-0.135419993612,0
120.0,0.0,1.0,1,0,0,0,1,0,0,0.0,0.0,0.0,-0.0924779977998,-0.386138613861,-0.00614856006149,0.0946010631598,0.00974129671032,0
160.0,2.0,1.0,1,0,0,0,1,0,0,1.0,0.0,0.0,0.0950220022002,-0.719471947195,0.0600614856006,-0.187841684932,-0.167678058128,1
110.0,2.0,1.0,1,0,0,0,1,0,0,0.0,0.0,0.0,-0.0924779977998,0.280528052805,0.0166824901668,0.071700299801,-0.167678058128,0
180.0,0.0,1.0,1,0,0,0,1,0,0,0.0,0.0,1.0,0.199188668867,0.280528052805,0.178782946788,0.0335323608697,-0.167678058128,0
150.0,0.0,1.0,0,1,0,0,0,0,1,1.0,1.0,0.0,0.0533553355336,-0.0528052805281,-0.275554952756,0.178570528809,-0.135419993612,0
140.0,0.0,1.0,1,0,0,0,0,0,1,0.0,0.0,0.0,0.199188668867,-0.0528052805281,0.151385686514,-0.126772982642,-0.135419993612,0
110.0,0.0,1.0,1,0,0,0,0,0,1,1.0,0.0,0.0,-0.238311331133,0.280528052805,-0.0814910258149,0.0869674753735,-0.167678058128,0
142.0,2.0,2.0,0,0,0,1,0,0,1,1.0,0.0,1.0,-0.196644664466,0.280528052805,0.142253266423,-0.0199027536341,-0.167678058128,0
128.0,2.0,2.0,0,0,1,0,0,0,1,1.0,0.0,1.0,0.0741886688669,0.280528052805,0.028098015281,-0.149673746001,0.316192909614,0
144.0,2.0,2.0,1,0,0,0,0,0,1,1.0,0.0,1.0,-0.0924779977998,0.280528052805,-0.106605181066,-0.180208097146,-0.0225167678058,0
130.0,0.0,1.0,1,0,0,0,1,0,0,1.0,0.0,0.0,0.0116886688669,-0.386138613861,0.0349473303495,0.0411659486559,-0.167678058128,0
150.0,0.0,2.0,1,0,0,0,1,0,0,0.0,0.0,1.0,0.1575220022,0.280528052805,-0.00614856006149,0.0335323608697,0.0581283934845,1
120.0,0.0,1.0,1,0,0,0,1,0,0,0.0,0.0,0.0,-0.363311331133,-0.0528052805281,-0.0723586057236,0.15566976545,-0.167678058128,0
120.0,0.0,2.0,1,0,0,0,0,0,1,1.0,0.0,1.0,-0.3424779978,-0.719471947195,-0.0358289253583,0.247272818885,0.445225167678,0
130.0,2.0,2.0,1,0,0,0,1,0,0,1.0,0.0,0.0,-0.2799779978,-0.0528052805281,-0.0746417107464,0.140402589877,0.154902587033,0
178.0,0.0,2.0,0,0,1,0,0,0,1,0.0,1.0,1.0,0.240855335534,0.280528052805,-0.0426782404268,0.117501826519,-0.00638773554775,0
112.0,0.0,1.0,0,1,0,0,1,0,0,1.0,0.0,0.0,-0.0508113311331,0.280528052805,-0.0381120303811,0.0793338875872,-0.167678058128,1
120.0,2.0,2.0,1,0,0,0,0,0,1,1.0,0.0,0.0,0.0325220022002,-0.719471947195,-0.122586916226,0.0946010631598,0.138773554775,0
105.0,0.0,1.0,1,0,0,0,1,0,0,0.0,0.0,0.0,-0.175811331133,-0.386138613861,-0.0974727609747,0.170936941022,-0.167678058128,0
138.0,2.0,2.0,1,0,0,0,1,0,0,0.0,0.0,1.0,-0.175811331133,0.280528052805,-0.00843166508432,0.0182651852972,-0.167678058128,0
130.0,0.0,2.0,0,0,1,0,1,0,0,0.0,0.0,0.0,0.199188668867,0.280528052805,0.128554636286,-0.210742448291,0.154902587033,0
138.0,2.0,1.0,1,0,0,0,1,0,0,1.0,0.0,0.0,0.0950220022002,0.280528052805,0.055495275555,0.247272818885,-0.167678058128,0
112.0,2.0,1.0,1,0,0,0,1,0,0,0.0,0.0,1.0,-0.2799779978,-0.0528052805281,0.0486459604865,0.170936941022,-0.167678058128,0
108.0,2.0,1.0,1,0,0,0,1,0,0,0.0,0.0,0.0,-0.00914466446645,-0.0528052805281,0.0463628554636,0.132769002091,-0.167678058128,0
94.0,0.0,1.0,1,0,0,0,1,0,0,0.0,0.0,0.0,-0.321644664466,-0.0528052805281,-0.108888286089,0.224372055526,-0.167678058128,0
123.0,0.0,2.0,0,0,1,0,0,0,1,1.0,0.0,1.0,-0.0299779977998,0.280528052805,0.0806094308061,-0.41684931852,0.154902587033,0
108.0,0.0,2.0,0,0,1,0,1,0,0,0.0,0.0,1.0,0.178355335534,0.280528052805,0.0509290655093,0.148036177664,0.122644522517,1
118.0,0.0,1.0,1,0,0,0,1,0,0,0.0,0.0,0.0,-0.425811331133,-0.386138613861,-0.0837741308377,0.323608696748,-0.0547748323219,0
112.0,0.0,1.0,1,0,0,0,1,0,0,1.0,0.0,0.0,-0.1549779978,0.280528052805,-0.0974727609747,-0.0504371047792,-0.15154902587,0
152.0,0.0,1.0,0,1,0,0,1,0,0,0.0,0.0,0.0,0.261688668867,-0.0528052805281,0.0691939056919,0.170936941022,-0.167678058128,0
110.0,2.0,2.0,0,1,0,0,1,0,0,1.0,0.0,1.0,-0.00914466446645,0.280528052805,-0.0929065509291,-0.317612677298,-0.167678058128,0
112.0,2.0,1.0,0,1,0,0,1,0,0,1.0,0.0,1.0,0.240855335534,0.280528052805,-0.0792079207921,-0.134406570428,-0.15154902587,0
136.0,2.0,2.0,1,0,0,0,1,0,0,0.0,0.0,0.0,-0.0508113311331,-0.0528052805281,-0.115737601157,0.148036177664,-0.15154902587,0
180.0,1.0,2.0,1,0,0,0,1,0,0,0.0,0.0,1.0,0.0116886688669,0.280528052805,0.183349156833,-0.248910387222,0.380709038646,0
118.0,2.0,1.0,0,0,0,1,1,0,0,1.0,0.0,0.0,-0.113311331133,-0.0528052805281,-0.22304353723,-0.180208097146,-0.0386458000639,1
120.0,2.0,1.0,0,1,0,0,1,0,0,0.0,0.0,1.0,0.4075220022,-0.386138613861,0.0509290655093,-0.218376036077,-0.135419993612,0
160.0,0.0,1.0,0,1,0,0,1,0,0,0.0,0.0,0.0,-0.00914466446645,-0.0528052805281,-0.104322076043,0.102234650946,-0.167678058128,0
122.0,2.0,2.0,0,0,1,0,1,0,0,1.0,0.0,1.0,-0.00914466446645,0.280528052805,0.0897418508974,-0.256543975008,0.34845097413,0
130.0,2.0,3.0,1,0,0,0,0,0,1,1.0,1.0,1.0,0.0325220022002,0.280528052805,0.0828925358289,-0.35578061623,0.0903864580006,0
120.0,2.0,1.0,1,0,0,0,0,0,1,1.0,0.0,0.0,-0.175811331133,0.280528052805,0.00526696505267,-0.0428035169929,-0.0386458000639,1
134.0,0.0,2.0,1,0,0,0,1,0,0,0.0,0.0,0.0,-0.113311331133,-0.386138613861,0.055495275555,0.0946010631598,-0.167678058128,0
120.0,0.0,1.0,1,0,0,0,1,0,0,1.0,0.0,0.0,-0.259144664466,-0.386138613861,0.110289796103,0.0946010631598,-0.167678058128,0
110.0,0.0,1.0,1,0,0,0,1,0,0,1.0,0.0,0.0,-0.2799779978,-0.386138613861,-0.026696505267,0.0258987730834,-0.167678058128,0
126.0,0.0,1.0,1,0,0,0,1,0,0,0.0,0.0,0.0,-0.2799779978,-0.386138613861,0.135403951354,0.102234650946,-0.167678058128,0
130.0,0.0,1.0,1,0,0,0,1,0,0,0.0,0.0,0.0,-0.113311331133,0.280528052805,0.0509290655093,0.102234650946,-0.167678058128,0
134.0,0.0,2.0,0,0,1,0,1,0,0,1.0,0.0,0.0,0.136688668867,-0.719471947195,-0.0289796102898,-0.0351699292067,0.251676780581,0
120.0,0.0,1.0,1,0,0,0,1,0,0,0.0,1.0,0.0,0.115855335534,-0.0528052805281,-0.156833491568,-0.409215730733,-0.167678058128,0
120.0,0.0,2.0,1,0,0,0,1,0,0,1.0,0.0,0.0,0.261688668867,0.280528052805,-0.0221302952213,-0.60005542539,-0.00638773554775,0
100.0,0.0,1.0,0,1,0,0,0,0,1,1.0,0.0,0.0,0.0741886688669,0.280528052805,-0.0289796102898,0.0487995364422,-0.15154902587,0
110.0,2.0,2.0,0,1,0,0,1,0,0,1.0,0.0,1.0,-0.1549779978,0.280528052805,0.0646276956463,-0.241276799436,-0.00638773554775,1
125.0,0.0,1.0,0,0,1,0,0,0,1,1.0,0.0,0.0,-0.0508113311331,0.280528052805,-0.0792079207921,0.140402589877,-0.00638773554775,0
128.0,2.0,1.0,1,0,0,0,1,0,0,1.0,1.0,0.0,0.1575220022,-0.386138613861,-0.0883403408834,-0.073337868138,-0.167678058128,0
110.0,0.0,2.0,1,0,0,0,0,1,0,1.0,0.0,1.0,0.0533553355336,0.280528052805,-0.104322076043,-0.180208097146,0.0742574257426,0
146.0,0.0,2.0,0,1,0,0,0,0,1,1.0,0.0,0.0,0.0741886688669,0.280528052805,-0.0655092906551,-0.340513440657,0.154902587033,1
128.0,0.0,2.0,0,1,0,0,0,0,1,1.0,0.0,1.0,0.199188668867,0.280528052805,0.0372304353723,-0.340513440657,-0.135419993612,0
120.0,2.0,1.0,1,0,0,0,1,0,0,0.0,0.0,0.0,-0.0716446644664,-0.0528052805281,0.110289796103,0.0564331242285,-0.07090386458,0
115.0,0.0,2.0,1,0,0,0,1,0,0,1.0,0.0,0.0,-0.238311331133,0.280528052805,0.128554636286,0.239639231099,0.0258703289684,0
120.0,0.0,2.0,1,0,0,0,1,0,0,0.0,0.0,0.0,-0.259144664466,-0.0528052805281,-0.0860572358606,0.178570528809,-0.167678058128,0
106.0,0.0,1.0,0,0,1,0,1,0,0,0.0,0.0,0.0,0.261688668867,0.280528052805,-0.0540937655409,-0.0580706925654,-0.119290961354,0
140.0,1.0,2.0,1,0,0,0,1,0,0,0.0,0.0,0.0,0.449188668867,-0.0528052805281,-0.113454496135,-0.256543975008,0.00974129671032,0
156.0,2.0,1.0,1,0,0,0,1,0,0,1.0,0.0,0.0,0.324188668867,-0.386138613861,-0.00386545503865,-0.0504371047792,-0.167678058128,0
124.0,0.0,1.0,1,0,0,0,0,0,1,1.0,0.0,0.0,0.0533553355336,-0.386138613861,0.0326642253266,-0.0657042803517,-0.119290961354,1
118.0,0.0,2.0,0,1,0,0,1,0,0,0.0,0.0,0.0,-0.2174779978,-0.0528052805281,-0.0107147701071,-0.00463557806162,-0.119290961354,0
136.0,2.0,1.0,0,0,1,0,1,0,0,0.0,1.0,0.0,0.0741886688669,-0.386138613861,0.165084316651,0.0182651852972,-0.167678058128,0
150.0,0.0,1.0,1,0,0,0,1,0,0,0.0,0.0,0.0,0.115855335534,-0.719471947195,-0.0152809801528,0.163303353236,-0.0225167678058,0
120.0,0.0,1.0,1,0,0,0,1,0,0,1.0,0.0,0.0,-0.2174779978,-0.0528052805281,-0.0472444504724,0.148036177664,-0.167678058128,0
138.0,2.0,2.0,0,1,0,0,1,0,0,1.0,0.0,1.0,0.136688668867,0.280528052805,-0.184230751842,-0.187841684932,0.412967103162,0
136.0,0.0,2.0,1,0,0,0,0,1,0,1.0,0.0,1.0,-0.259144664466,0.280528052805,0.15595189656,-0.187841684932,0.122644522517,0
128.0,0.0,2.0,1,0,0,0,1,0,0,1.0,1.0,1.0,-0.0508113311331,0.280528052805,-0.0974727609747,0.0487995364422,-0.00638773554775,0
126.0,0.0,2.0,0,1,0,0,0,1,0,1.0,1.0,0.0,0.0950220022002,-0.0528052805281,-0.0655092906551,-0.119139394856,0.187160651549,0
152.0,0.0,1.0,1,0,0,0,0,0,1,1.0,0.0,0.0,-0.300811331133,0.280528052805,-0.0540937655409,0.239639231099,-0.167678058128,1
130.0,0.0,1.0,1,0,0,0,1,0,0,1.0,0.0,0.0,-0.259144664466,-0.0528052805281,-0.152267281523,0.00299800972464,-0.167678058128,0
140.0,2.0,1.0,0,1,0,0,0,0,1,1.0,0.0,1.0,0.136688668867,0.280528052805,-0.0906234459062,-0.0886050437105,0.138773554775,1
160.0,2.0,1.0,1,0,0,0,0,1,0,1.0,0.0,0.0,0.240855335534,0.280528052805,-0.0426782404268,-0.0886050437105,0.203289683807,0
140.0,0.0,2.0,0,0,1,0,0,0,1,1.0,0.0,1.0,-0.175811331133,0.280528052805,0.146819476468,-0.226009623863,0.122644522517,0
112.0,0.0,2.0,1,0,0,0,1,0,0,0.0,0.0,0.0,0.3450220022,0.280528052805,-0.22304353723,-0.187841684932,0.0903864580006,0
134.0,0.0,1.0,0,0,1,0,1,0,0,1.0,0.0,0.0,0.0950220022002,-0.719471947195,-0.0974727609747,0.0946010631598,-0.0386458000639,1
170.0,2.0,2.0,1,0,0,0,0,0,1,1.0,0.0,0.0,0.199188668867,-0.719471947195,-0.0449613454496,0.0411659486559,-0.07090386458,0
146.0,2.0,2.0,0,1,0,0,1,0,0,0.0,0.0,0.0,0.240855335534,-0.0528052805281,0.0714770107148,0.0182651852972,-0.167678058128,0
138.0,0.0,2.0,1,0,0,0,1,0,0,0.0,0.0,0.0,-0.321644664466,-0.0528052805281,-0.0609430806094,0.0182651852972,-0.167678058128,0
154.0,2.0,1.0,0,1,0,0,1,0,0,1.0,0.0,0.0,0.0533553355336,-0.386138613861,-0.0335458203355,0.109868238732,-0.167678058128,1
130.0,0.0,2.0,1,0,0,0,1,0,0,0.0,0.0,0.0,0.0741886688669,0.280528052805,-0.113454496135,-0.142040158214,-0.07090386458,0
110.0,0.0,2.0,0,1,0,0,0,0,1,1.0,0.0,1.0,0.0533553355336,0.280528052805,0.201613997016,-0.0504371047792,0.316192909614,0
130.0,0.0,1.0,1,0,0,0,1,0,0,1.0,0.0,0.0,-0.1549779978,-0.0528052805281,0.014399385144,0.224372055526,-0.167678058128,0
128.0,1.0,2.0,0,1,0,0,0,0,1,0.0,0.0,1.0,0.0116886688669,0.280528052805,-0.0951896559519,-0.149673746001,0.154902587033,0
122.0,0.0,1.0,1,0,0,0,1,0,0,1.0,0.0,0.0,-0.4049779978,-0.386138613861,-0.124870021249,0.186204116595,-0.167678058128,0
148.0,0.0,1.0,0,1,0,0,0,0,1,1.0,0.0,0.0,0.136688668867,0.280528052805,-0.0997558659976,0.0869674753735,-0.167678058128,0
114.0,1.0,3.0,0,0,0,1,0,1,0,1.0,0.0,0.0,0.0741886688669,0.280528052805,0.162801211628,-0.073337868138,0.541999361226,0
170.0,2.0,2.0,0,0,1,0,0,1,0,0.0,1.0,1.0,0.0741886688669,0.280528052805,-0.0495275554953,-0.0275363414204,0.283934845097,0
125.0,0.0,2.0,1,0,0,0,0,0,1,1.0,0.0,0.0,0.0741886688669,-0.386138613861,-0.0609430806094,-0.0428035169929,-0.103161929096,0
130.0,2.0,1.0,1,0,0,0,0,0,1,1.0,0.0,0.0,0.0325220022002,-0.386138613861,-0.0586599755866,0.102234650946,-0.167678058128,0
120.0,0.0,3.0,1,0,0,0,1,0,0,1.0,0.0,0.0,0.0325220022002,-0.386138613861,-0.0152809801528,0.148036177664,-0.167678058128,0
152.0,2.0,2.0,1,0,0,0,0,0,1,1.0,0.0,0.0,0.261688668867,-0.0528052805281,-0.0792079207921,0.00299800972464,-0.0386458000639,1
132.0,0.0,1.0,1,0,0,0,1,0,0,0.0,0.0,0.0,0.0116886688669,-0.386138613861,0.217595732176,0.125135414305,0.0258703289684,0
120.0,0.0,3.0,1,0,0,0,0,1,0,1.0,0.0,1.0,-0.2174779978,0.280528052805,-0.177381436774,-0.0428035169929,0.283934845097,0
140.0,2.0,1.0,0,0,1,0,0,0,1,1.0,0.0,1.0,0.178355335534,0.280528052805,-0.136285546363,-0.0428035169929,0.477483232194,0
124.0,0.0,2.0,1,0,0,0,1,0,0,0.0,0.0,1.0,0.178355335534,0.280528052805,-0.113454496135,-0.103872219283,-0.167678058128,1
120.0,0.0,1.0,1,0,0,0,1,0,0,1.0,0.0,0.0,-0.2799779978,-0.386138613861,-0.204778697048,0.247272818885,-0.167678058128,0
164.0,2.0,2.0,0,0,1,0,0,1,0,1.0,1.0,0.0,0.0950220022002,0.280528052805,-0.161399701614,-0.455017257451,-0.00638773554775,0
140.0,0.0,2.0,1,0,0,0,0,0,1,0.0,0.0,1.0,0.0533553355336,0.280528052805,-0.01299787513,-0.203108860504,-0.135419993612,1
110.0,0.0,2.0,1,0,0,0,0,0,1,1.0,0.0,0.0,-0.196644664466,-0.719471947195,0.0395135403951,-0.134406570428,0.0258703289684,1
144.0,0.0,2.0,0,0,1,0,0,0,1,1.0,1.0,0.0,0.2825220022,0.280528052805,-0.122586916226,-0.0657042803517,0.380709038646,0
130.0,0.0,2.0,0,1,0,0,0,0,1,1.0,0.0,1.0,0.0533553355336,0.280528052805,-0.264139427641,-0.264177562794,0.0258703289684,0
130.0,2.0,2.0,0,1,0,0,1,0,0,0.0,0.0,0.0,0.0533553355336,-0.386138613861,-0.0244134002441,0.186204116595,-0.167678058128,1
138.0,0.0,1.0,1,0,0,0,1,0,0,1.0,0.0,0.0,-0.3424779978,-0.0528052805281,-0.163682806637,0.178570528809,-0.167678058128,0
