2,3,2,3,1,1,0,-0.258738093769,-0.0163357094365,0
1,3,3,4,1,1,0,0.377625542595,0.421164290563,0
2,3,3,4,1,1,0,0.317019481989,0.233664290563,0
3,2,3,3,1,1,0,0.286716451686,0.358664290563,0
3,3,3,2,1,1,0,0.104898269868,0.296164290563,0
4,4,3,3,1,1,0,-0.410253245284,-0.203835709437,0
2,3,3,2,1,1,0,0.165504330474,0.171164290563,0
3,3,3,2,1,0,0,-0.349647184678,-0.141335709437,0
2,3,3,4,1,1,0,-0.16782900286,-0.0163357094365,0
1,1,2,2,1,1,1,0.377625542595,0.296164290563,0
1,3,3,3,1,0,1,0.165504330474,-0.0788357094365,0
1,4,1,3,1,1,0,0.286716451686,0.0461642905635,0
4,4,1,4,1,0,0,0.347322512292,-0.141335709437,0
2,4,3,3,1,0,0,0.286716451686,-0.141335709437,0
3,4,2,3,1,1,0,0.165504330474,-0.0788357094365,0
2,4,4,1,1,1,0,-0.198132033163,-0.203835709437,0
1,1,2,4,1,1,0,0.468534633504,0.233664290563,0
2,2,2,4,1,1,0,0.195807360777,0.171164290563,0
2,2,2,3,1,1,0,0.135201300171,0.296164290563,0
2,1,2,1,1,1,1,0.195807360777,0.108664290563,0
3,4,4,1,1,0,0,-0.198132033163,-0.141335709437,0
3,4,3,1,1,0,0,-0.258738093769,-0.203835709437,0
4,4,1,4,0,1,0,0.407928572898,-0.141335709437,0
4,4,1,4,1,1,0,0.195807360777,-0.141335709437,0
4,4,1,4,1,1,0,0.468534633504,0.108664290563,0
2,4,3,3,1,1,0,0.22611039108,0.296164290563,0
4,4,1,4,1,0,0,0.165504330474,-0.141335709437,0
4,4,1,4,1,0,0,-0.107222942253,-0.203835709437,0
4,4,2,2,1,0,0,-0.258738093769,-0.203835709437,0
1,2,2,4,1,1,0,0.317019481989,0.296164290563,0
3,4,1,4,1,1,0,-0.0466168816474,-0.0788357094365,0
4,4,3,2,1,1,0,-0.0466168816474,-0.0788357094365,0
2,4,1,2,1,0,0,-0.198132033163,-0.203835709437,0
2,2,3,1,1,1,0,0.0139891789586,-0.0788357094365,0
2,3,3,3,1,1,0,-0.258738093769,-0.141335709437,0
1,3,3,2,1,1,1,0.286716451686,0.358664290563,0
1,2,3,1,1,0,0,0.317019481989,0.296164290563,0
3,3,3,2,1,1,0,-0.228435063466,0.0461642905635,0
2,2,3,4,1,1,0,0.286716451686,-0.0163357094365,0
2,2,2,4,1,1,0,-0.137525972557,-0.141335709437,0
1,1,3,1,1,1,0,-0.137525972557,-0.0163357094365,0
2,3,1,3,1,0,0,0.438231603201,-0.203835709437,0
2,4,1,3,1,1,0,0.468534633504,-0.0788357094365,0
4,4,1,4,0,1,0,0.22611039108,-0.0788357094365,0
2,2,3,2,1,1,0,-0.137525972557,-0.141335709437,0
1,4,2,1,1,1,0,-0.228435063466,-0.141335709437,0
4,4,2,3,1,1,0,-0.0163138513444,-0.0788357094365,0
4,4,2,4,1,1,0,0.377625542595,-0.203835709437,0
4,4,1,4,1,1,0,-0.198132033163,-0.141335709437,0
4,4,1,4,1,0,0,-0.198132033163,-0.203835709437,0
4,4,1,4,1,0,0,-0.0466168816474,-0.203835709437,0
4,4,2,4,0,1,0,0.498837663807,0.233664290563,0
3,4,3,3,1,1,0,0.22611039108,0.296164290563,0
4,4,2,3,0,0,0,0.0442922092617,-0.141335709437,0
2,4,2,3,1,1,0,0.104898269868,0.108664290563,0
2,2,2,2,1,1,1,-0.379950214981,-0.0788357094365,0
4,4,1,4,1,0,0,0.317019481989,0.108664290563,0
3,4,2,1,1,1,0,0.135201300171,0.233664290563,0
2,3,3,4,1,1,0,-0.349647184678,-0.203835709437,0
4,4,1,2,1,1,0,0.498837663807,0.171164290563,0
3,3,3,3,1,1,0,0.286716451686,0.421164290563,0
2,3,2,3,1,1,0,-0.379950214981,-0.141335709437,0
1,2,1,3,1,0,0,0.438231603201,-0.0788357094365,0
2,3,2,1,1,1,0,-0.319344154375,-0.141335709437,0
2,4,1,3,1,0,0,-0.16782900286,-0.141335709437,0
2,4,3,1,1,1,0,-0.258738093769,-0.141335709437,0
4,2,3,3,1,1,0,0.347322512292,0.296164290563,0
2,3,3,1,1,1,0,-0.0769199119505,-0.0163357094365,0
3,4,3,4,1,1,0,-0.289041124072,-0.0788357094365,0
4,4,3,3,1,0,0,-0.228435063466,-0.141335709437,0
2,3,2,3,1,1,0,0.438231603201,0.0461642905635,0
2,3,1,4,1,1,0,0.468534633504,0.296164290563,0
2,3,1,1,1,1,0,-0.107222942253,-0.141335709437,0
2,3,1,2,1,1,0,-0.107222942253,-0.141335709437,0
3,4,2,3,1,1,0,-0.349647184678,-0.203835709437,0
3,4,2,3,1,1,0,-0.349647184678,-0.141335709437,0
4,4,2,4,1,0,0,-0.107222942253,-0.203835709437,0
3,4,1,4,1,1,0,0.377625542595,-0.0163357094365,0
2,3,3,2,1,1,0,0.0139891789586,-0.0788357094365,0
4,4,1,4,1,0,0,0.165504330474,-0.141335709437,0
4,4,1,4,0,1,0,-0.258738093769,-0.203835709437,0
4,4,1,4,0,0,0,0.498837663807,0.171164290563,0
2,4,4,4,1,0,0,-0.258738093769,-0.141335709437,0
4,4,1,4,0,0,0,-0.137525972557,-0.203835709437,0
4,4,1,4,1,1,0,-0.0769199119505,-0.0788357094365,0
4,4,1,4,1,1,0,0.0139891789586,-0.0788357094365,0
4,4,1,3,1,1,0,-0.228435063466,-0.141335709437,0
4,4,1,4,0,1,0,0.0745952395647,-0.0163357094365,0
2,4,1,4,1,1,0,-0.16782900286,0.0461642905635,0
2,2,2,1,1,0,0,-0.258738093769,-0.0163357094365,0
2,3,2,1,1,1,0,-0.228435063466,-0.203835709437,0
2,4,1,4,1,1,0,0.407928572898,0.171164290563,0
2,2,2,1,1,1,0,-0.198132033163,-0.0163357094365,0
2,2,3,2,1,0,0,0.165504330474,-0.141335709437,0
1,2,1,3,1,1,0,0.438231603201,-0.0163357094365,0
1,3,2,3,1,1,1,0.256413421383,0.421164290563,0
2,3,2,3,1,0,0,0.256413421383,-0.141335709437,0
4,4,2,1,1,1,0,-0.137525972557,0.108664290563,0
2,2,3,1,1,1,0,-0.47085930589,-0.0163357094365,0
2,3,2,1,1,1,0,-0.16782900286,0.108664290563,0
1,2,3,1,1,1,1,-0.16782900286,0.0461642905635,0
2,3,2,2,1,0,0,-0.410253245284,-0.203835709437,0
2,4,3,2,1,0,0,-0.16782900286,-0.0163357094365,0
4,3,2,3,1,1,0,-0.198132033163,0.0461642905635,0
2,4,3,3,1,1,0,-0.289041124072,-0.0788357094365,0
3,3,3,2,1,1,0,0.22611039108,-0.0163357094365,0
4,4,1,1,1,1,0,-0.319344154375,-0.203835709437,0
3,4,1,3,1,0,0,0.347322512292,0.0461642905635,0
2,3,3,1,1,1,0,-0.107222942253,-0.0788357094365,0
2,3,3,1,1,1,0,-0.198132033163,-0.0163357094365,0
4,4,3,3,1,0,0,0.377625542595,-0.141335709437,0
3,3,2,3,1,0,0,-0.0163138513444,0.233664290563,0
4,4,1,4,1,1,0,-0.349647184678,-0.141335709437,0
2,2,3,3,1,1,0,-0.0466168816474,0.0461642905635,0
3,4,1,3,1,1,0,-0.349647184678,-0.203835709437,0
4,4,1,4,1,1,0,0.135201300171,-0.141335709437,0
4,4,3,3,0,0,0,0.0442922092617,-0.0163357094365,0
3,4,1,3,1,1,0,0.347322512292,-0.141335709437,0
4,3,2,3,1,1,0,0.498837663807,0.108664290563,0
2,3,3,3,1,1,0,-0.198132033163,-0.0788357094365,0
1,2,2,4,1,1,1,0.165504330474,-0.141335709437,0
2,3,2,3,1,1,0,0.104898269868,0.108664290563,0
3,4,3,3,1,1,0,-0.198132033163,-0.0788357094365,0
2,3,3,2,0,1,0,-0.379950214981,-0.141335709437,0
2,1,3,2,1,0,0,0.347322512292,-0.0163357094365,0
3,4,1,2,1,1,1,-0.0466168816474,-0.0788357094365,0
4,4,1,3,1,1,0,0.377625542595,-0.141335709437,0
2,3,3,2,1,1,1,0.104898269868,-0.0788357094365,0
1,3,2,2,1,0,1,0.317019481989,-0.0788357094365,0
3,4,1,3,1,1,0,-0.228435063466,-0.203835709437,0
3,4,3,1,1,1,0,0.468534633504,-0.0163357094365,0
4,4,1,3,0,0,0,-0.0769199119505,-0.203835709437,0
1,2,3,1,1,1,0,0.468534633504,0.296164290563,0
3,4,3,1,1,1,1,-0.137525972557,-0.141335709437,0
4,4,1,3,1,1,0,-0.198132033163,-0.141335709437,0
3,3,2,4,1,0,0,-0.198132033163,-0.0163357094365,0
4,4,3,3,1,1,0,-0.258738093769,-0.0788357094365,0
3,3,2,2,1,1,0,-0.349647184678,-0.0788357094365,0
4,4,3,1,0,1,0,-0.0769199119505,-0.0788357094365,0
4,4,1,4,1,1,0,-0.379950214981,-0.141335709437,0
4,4,1,3,1,1,0,0.0139891789586,-0.0788357094365,0
4,4,3,3,0,0,0,-0.0769199119505,-0.203835709437,0
4,4,1,3,1,0,0,0.438231603201,-0.141335709437,0
4,4,3,3,0,1,0,0.0745952395647,-0.0788357094365,0
2,4,3,4,1,1,0,-0.0769199119505,-0.0788357094365,0
4,4,1,4,1,1,0,0.0139891789586,-0.0163357094365,0
4,4,2,3,1,1,0,0.377625542595,0.0461642905635,0
4,4,1,4,1,1,0,0.256413421383,-0.0788357094365,0
4,4,1,3,1,0,0,-0.0163138513444,-0.141335709437,0
4,4,1,4,1,1,0,0.317019481989,0.108664290563,0
4,4,2,4,1,1,0,0.347322512292,-0.0163357094365,0
1,3,3,2,1,1,0,-0.349647184678,0.0461642905635,0
3,4,1,4,1,1,1,0.347322512292,-0.0788357094365,0
4,4,2,4,1,1,0,-0.289041124072,-0.0788357094365,0
1,2,2,2,1,1,0,0.438231603201,0.0461642905635,0
1,1,2,3,1,1,1,0.438231603201,0.233664290563,0
4,4,2,4,1,0,0,0.0745952395647,-0.0788357094365,0
2,4,3,2,1,1,0,-0.0163138513444,0.0461642905635,0
1,4,1,2,1,1,1,0.377625542595,0.108664290563,0
2,2,3,1,1,1,0,-0.319344154375,-0.0788357094365,0
1,1,2,1,1,1,1,-0.289041124072,-0.0163357094365,0
4,4,1,4,1,0,0,-0.0769199119505,-0.203835709437,0
1,3,2,3,1,1,0,0.347322512292,-0.203835709437,0
3,3,3,3,1,0,0,0.22611039108,-0.141335709437,0
4,4,2,3,1,1,0,0.0442922092617,0.0461642905635,0
3,4,2,4,1,1,0,0.135201300171,-0.141335709437,0
3,4,1,4,1,1,0,0.498837663807,0.108664290563,0
4,4,1,4,1,1,0,-0.198132033163,-0.141335709437,0
4,4,2,4,1,1,0,-0.319344154375,-0.203835709437,0
3,4,2,4,1,0,0,-0.379950214981,-0.203835709437,0
4,4,1,4,1,1,0,0.438231603201,0.0461642905635,0
2,2,3,1,1,0,0,0.498837663807,0.296164290563,0
2,4,2,4,1,1,0,-0.319344154375,-0.141335709437,0
3,3,3,4,1,1,0,-0.319344154375,-0.0788357094365,0
3,2,3,2,1,1,0,-0.228435063466,-0.0788357094365,0
2,4,3,4,1,0,0,-0.0163138513444,-0.203835709437,0
4,4,1,3,0,1,0,-0.137525972557,-0.203835709437,0
2,4,1,4,1,0,0,-0.0769199119505,0.0461642905635,0
2,4,2,4,1,0,0,0.377625542595,-0.0788357094365,0
2,1,2,4,1,0,0,0.498837663807,0.421164290563,0
4,4,1,4,1,0,0,0.0442922092617,-0.0788357094365,0
2,4,2,2,1,1,0,-0.228435063466,-0.141335709437,0
1,3,3,3,1,1,0,0.286716451686,0.546164290563,0
2,1,4,3,1,0,0,0.468534633504,-0.0163357094365,0
3,4,2,2,1,0,0,0.0745952395647,0.108664290563,0
2,3,3,4,1,1,0,0.0139891789586,-0.141335709437,0
2,4,3,2,1,1,0,-0.379950214981,-0.203835709437,0
2,3,3,1,1,1,1,0.104898269868,0.0461642905635,0
3,3,3,2,1,1,0,-0.410253245284,-0.0788357094365,0
3,2,3,2,1,1,0,-0.16782900286,-0.0163357094365,0
1,2,4,1,1,1,0,-0.0769199119505,0.0461642905635,0
3,4,3,2,1,0,0,-0.0466168816474,-0.0163357094365,0
1,1,4,1,1,1,1,0.347322512292,0.483664290563,0
3,3,3,3,1,1,0,-0.258738093769,-0.0788357094365,0
3,4,3,1,1,0,0,-0.440556275587,-0.203835709437,0
1,2,3,3,1,1,1,0.377625542595,0.171164290563,0
2,2,3,1,1,0,0,-0.228435063466,-0.0163357094365,0
3,4,2,4,1,1,0,0.104898269868,0.171164290563,0
1,1,2,2,1,1,0,-0.0769199119505,0.108664290563,0
2,4,3,3,1,1,0,-0.0163138513444,-0.0788357094365,0
1,4,2,2,0,1,1,0.286716451686,0.483664290563,0
2,4,3,3,1,1,0,-0.319344154375,-0.203835709437,0
2,4,2,4,1,0,0,0.104898269868,-0.0788357094365,0
2,3,3,3,1,1,0,-0.16782900286,-0.0788357094365,0
3,4,1,2,1,1,0,0.22611039108,-0.141335709437,0
2,3,3,1,1,1,0,-0.319344154375,-0.0788357094365,0
2,4,3,1,1,1,0,-0.198132033163,-0.203835709437,0
3,4,2,3,1,0,0,-0.0466168816474,-0.203835709437,0
4,4,1,4,1,1,0,-0.0163138513444,-0.141335709437,0
2,3,3,2,1,0,0,0.0442922092617,-0.0163357094365,0
3,3,3,4,0,1,0,0.22611039108,-0.141335709437,0
1,2,3,3,1,0,0,0.377625542595,-0.141335709437,0
3,4,3,2,1,1,0,-0.198132033163,-0.0163357094365,0
1,3,3,2,1,1,0,0.468534633504,0.108664290563,0
1,3,3,1,1,1,0,0.317019481989,0.296164290563,0
3,4,2,2,1,0,0,-0.16782900286,-0.0788357094365,0
3,2,3,3,1,1,0,0.286716451686,-0.141335709437,0
3,2,2,3,1,0,1,0.0442922092617,0.296164290563,0
3,2,2,2,1,1,1,-0.0163138513444,0.0461642905635,0
3,3,2,3,1,0,0,-0.0466168816474,-0.0788357094365,0
2,3,3,3,1,1,0,-0.319344154375,-0.141335709437,0
3,4,3,3,1,1,0,-0.16782900286,-0.203835709437,0
1,2,2,2,1,1,1,0.135201300171,-0.0788357094365,0
1,2,2,4,1,1,0,-0.319344154375,-0.203835709437,0
4,4,1,4,1,1,0,0.438231603201,0.0461642905635,0
4,4,1,3,1,0,0,-0.0163138513444,0.0461642905635,0
3,3,1,4,1,1,0,0.135201300171,-0.0788357094365,0
1,3,2,3,1,1,1,0.377625542595,-0.141335709437,0
1,4,3,3,1,1,0,0.438231603201,0.296164290563,0
3,4,3,2,1,1,0,-0.137525972557,-0.203835709437,0
1,3,3,4,1,1,1,0.468534633504,0.0461642905635,0
2,4,1,3,1,1,0,-0.198132033163,-0.141335709437,0
3,4,3,1,1,0,0,-0.349647184678,-0.203835709437,0
2,3,2,4,1,1,0,-0.379950214981,-0.141335709437,0
1,1,3,1,1,0,1,0.195807360777,0.108664290563,0
2,3,3,4,1,0,0,-0.16782900286,-0.141335709437,0
2,3,3,2,1,0,0,0.135201300171,0.108664290563,0
4,4,3,3,1,1,0,-0.258738093769,-0.141335709437,0
3,3,3,3,1,1,0,0.195807360777,0.171164290563,0
3,3,2,3,1,1,0,-0.379950214981,-0.141335709437,0
3,4,2,3,1,1,0,-0.410253245284,-0.141335709437,0
3,3,2,2,1,1,0,0.22611039108,0.0461642905635,0
1,4,3,3,1,1,0,0.256413421383,0.0461642905635,0
4,4,1,3,1,1,0,-0.319344154375,-0.0788357094365,0
3,4,1,4,1,1,0,-0.0163138513444,0.0461642905635,0
4,4,1,4,0,1,0,0.0442922092617,-0.0788357094365,0
4,4,1,3,1,0,0,0.0442922092617,-0.0788357094365,0
4,4,1,4,1,1,0,-0.289041124072,-0.0788357094365,0
4,4,1,2,1,1,0,-0.16782900286,-0.141335709437,0
3,2,2,2,1,0,1,0.407928572898,0.483664290563,0
4,4,1,2,0,1,0,0.0442922092617,-0.0163357094365,0
4,4,3,3,1,1,0,0.0139891789586,0.108664290563,0
3,3,3,2,1,1,0,-0.228435063466,-0.141335709437,0
4,4,1,4,1,0,0,-0.198132033163,-0.141335709437,0
1,3,3,3,1,1,1,0.468534633504,0.0461642905635,0
4,4,3,3,1,1,0,0.104898269868,-0.0788357094365,0
3,4,2,4,0,1,0,0.165504330474,-0.0788357094365,0
1,2,3,4,1,1,0,0.347322512292,0.233664290563,0
2,2,3,2,1,0,0,0.347322512292,-0.141335709437,0
3,3,3,4,0,1,0,0.195807360777,-0.141335709437,0
1,2,3,2,1,0,0,0.438231603201,0.233664290563,0
1,3,3,2,1,0,0,0.317019481989,0.108664290563,0
3,3,2,4,1,0,0,-0.107222942253,-0.0163357094365,0
3,3,2,2,1,1,0,-0.319344154375,-0.203835709437,0
2,4,3,2,1,1,0,-0.0466168816474,0.108664290563,0
4,4,1,3,1,1,0,-0.319344154375,-0.203835709437,0
3,4,2,4,1,1,0,0.377625542595,0.171164290563,0
3,4,3,2,1,0,0,0.286716451686,0.421164290563,0
3,3,3,1,1,1,0,0.165504330474,0.233664290563,0
1,1,3,1,1,0,0,0.438231603201,0.171164290563,0
4,4,1,4,1,1,0,-0.0769199119505,-0.0788357094365,0
3,4,3,4,1,1,0,-0.137525972557,-0.141335709437,0
3,4,2,1,1,1,0,-0.228435063466,-0.141335709437,0
2,4,2,3,0,1,0,0.498837663807,0.171164290563,0
3,4,2,3,1,0,0,-0.289041124072,-0.0788357094365,0
3,4,2,3,0,1,0,0.0745952395647,-0.141335709437,0
2,1,2,4,0,1,0,0.438231603201,0.108664290563,0
2,3,2,4,1,1,0,0.0745952395647,-0.203835709437,0
3,4,3,4,1,1,0,0.347322512292,0.171164290563,0
4,4,2,4,1,1,0,0.468534633504,-0.0163357094365,0
2,3,3,3,1,0,0,0.317019481989,0.171164290563,0
2,4,3,1,1,1,0,-0.349647184678,-0.0788357094365,0
4,4,1,4,1,1,0,-0.319344154375,-0.203835709437,0
3,3,3,4,1,1,0,0.256413421383,0.108664290563,0
2,4,4,4,1,0,1,-0.107222942253,-0.0788357094365,0
4,4,2,4,0,1,0,0.347322512292,0.108664290563,0
4,4,1,4,1,0,0,-0.319344154375,-0.203835709437,0
2,4,3,3,1,1,0,-0.289041124072,0.0461642905635,0
2,1,3,2,1,1,0,-0.319344154375,-0.203835709437,0
1,3,2,2,1,1,1,0.0745952395647,-0.203835709437,0
4,4,2,2,1,1,0,-0.258738093769,-0.141335709437,0
4,4,1,4,1,1,0,0.104898269868,0.0461642905635,0
1,2,2,4,1,1,0,0.438231603201,-0.0788357094365,0
4,4,3,4,1,1,0,0.22611039108,-0.0163357094365,0
4,4,1,3,1,1,0,-0.107222942253,-0.141335709437,0
3,4,1,4,1,1,0,0.498837663807,0.171164290563,0
3,4,1,4,1,1,0,0.498837663807,0.358664290563,0
4,4,1,4,1,1,0,0.438231603201,-0.0788357094365,0
4,4,1,4,0,1,0,-0.137525972557,-0.0163357094365,0
4,4,1,4,1,1,0,-0.198132033163,-0.141335709437,0
1,2,2,4,1,1,0,-0.107222942253,0.233664290563,0
4,2,2,2,1,0,0,-0.107222942253,-0.203835709437,0
3,3,3,4,1,1,0,-0.228435063466,-0.141335709437,0
2,4,3,4,1,1,0,-0.258738093769,-0.0788357094365,0
4,4,2,4,1,0,0,-0.289041124072,-0.141335709437,0
4,4,3,3,1,0,0,-0.289041124072,-0.0788357094365,0
1,2,2,4,1,1,0,0.347322512292,-0.0788357094365,0
3,4,1,4,1,1,0,0.195807360777,0.171164290563,0
3,3,2,2,1,1,0,-0.349647184678,-0.203835709437,0
3,4,2,3,1,1,0,-0.319344154375,-0.0788357094365,0
3,4,2,3,1,1,0,0.438231603201,-0.0163357094365,0
3,3,2,4,1,0,0,0.104898269868,-0.0788357094365,0
1,4,3,3,1,0,1,-0.228435063466,-0.0788357094365,0
4,4,3,4,1,1,0,0.22611039108,-0.0788357094365,0
2,2,3,3,0,0,0,0.104898269868,-0.203835709437,0
2,3,2,4,0,0,0,0.135201300171,0.108664290563,0
1,4,2,3,1,0,0,-0.137525972557,-0.0788357094365,0
3,3,3,4,1,0,0,-0.0769199119505,0.108664290563,0
3,4,3,3,1,1,0,-0.501162336193,-0.141335709437,0
2,3,2,4,0,1,0,-0.0163138513444,0.0461642905635,0
4,4,3,4,0,1,0,0.22611039108,-0.0163357094365,0
1,1,3,4,1,0,0,0.22611039108,-0.0788357094365,0
3,4,1,4,0,1,0,0.377625542595,-0.0788357094365,0
1,3,3,4,1,0,1,-0.349647184678,-0.203835709437,0
4,4,1,3,0,1,0,-0.137525972557,-0.141335709437,0
4,4,2,3,0,1,0,-0.228435063466,-0.141335709437,0
1,3,3,3,1,1,1,0.347322512292,0.0461642905635,0
4,4,3,4,0,1,0,0.0745952395647,-0.0788357094365,0
4,4,3,4,1,1,0,0.498837663807,0.0461642905635,0
3,4,3,4,0,1,0,0.195807360777,-0.141335709437,0
3,4,2,4,0,1,0,-0.0163138513444,-0.141335709437,0
1,2,4,4,1,0,0,0.0745952395647,-0.203835709437,0
1,2,3,4,1,0,0,-0.349647184678,-0.141335709437,0
4,4,1,4,0,1,0,0.438231603201,-0.141335709437,0
4,4,3,4,0,1,0,-0.16782900286,-0.141335709437,0
2,2,2,2,1,1,1,-0.0466168816474,0.296164290563,0
4,3,3,3,0,0,0,0.0442922092617,-0.203835709437,0
4,4,2,4,1,0,0,-0.0769199119505,-0.0163357094365,0
4,4,2,4,1,0,0,-0.228435063466,-0.203835709437,0
3,4,2,1,1,1,0,-0.137525972557,-0.0163357094365,0
2,3,3,2,1,0,0,-0.0769199119505,0.0461642905635,0
3,3,4,3,1,1,0,0.286716451686,0.296164290563,0
4,4,2,4,0,1,0,-0.289041124072,-0.203835709437,0
3,4,3,4,0,1,0,0.377625542595,-0.0163357094365,0
4,4,3,3,1,1,0,-0.349647184678,-0.141335709437,0
4,4,2,4,0,1,0,-0.137525972557,-0.141335709437,0
4,4,3,4,0,0,0,0.0139891789586,-0.141335709437,0
1,2,3,2,1,1,1,-0.0163138513444,0.0461642905635,0
2,2,3,3,1,1,0,-0.228435063466,-0.0163357094365,0
3,3,3,1,1,1,0,-0.228435063466,-0.141335709437,0
2,2,3,1,1,1,0,-0.410253245284,-0.0788357094365,0
1,2,3,1,1,1,1,0.22611039108,0.171164290563,0
2,2,3,1,1,1,1,-0.258738093769,-0.0788357094365,0
2,2,2,1,1,1,0,-0.0163138513444,-0.141335709437,0
2,3,3,2,1,1,0,0.0745952395647,0.296164290563,0
2,2,3,2,1,0,1,-0.16782900286,-0.141335709437,0
2,4,1,4,1,1,0,-0.289041124072,-0.0788357094365,0
2,4,3,4,1,1,0,-0.319344154375,0.0461642905635,0
2,3,1,2,1,1,0,0.498837663807,-0.203835709437,0
2,3,2,4,1,1,0,-0.228435063466,-0.203835709437,0
3,4,3,1,1,1,0,-0.440556275587,-0.141335709437,0
3,3,2,4,1,1,0,0.317019481989,0.0461642905635,0
1,3,3,4,1,1,0,0.135201300171,-0.203835709437,0
2,3,2,4,1,0,0,-0.0769199119505,-0.0788357094365,0
3,2,2,2,1,1,0,-0.107222942253,-0.203835709437,0
2,3,3,4,1,1,0,-0.379950214981,-0.0163357094365,0
3,3,2,4,1,0,0,0.286716451686,-0.0163357094365,0
4,4,2,3,1,1,0,-0.289041124072,-0.141335709437,0
2,3,3,3,1,0,0,0.0442922092617,0.233664290563,0
3,3,3,3,1,1,0,-0.289041124072,0.171164290563,0
3,3,1,4,1,1,0,0.165504330474,0.108664290563,0
2,3,2,3,1,1,0,0.135201300171,0.0461642905635,0
2,3,3,2,1,1,0,-0.47085930589,-0.141335709437,0
3,4,1,4,1,1,0,0.195807360777,-0.0163357094365,0
1,3,3,3,1,1,1,0.498837663807,-0.203835709437,0
3,3,2,2,1,1,0,-0.289041124072,-0.0788357094365,0
3,3,2,2,1,1,1,0.22611039108,-0.0163357094365,0
2,4,2,3,1,1,0,-0.0163138513444,0.108664290563,0
2,3,2,3,1,1,0,-0.440556275587,-0.141335709437,0
1,2,3,3,1,1,1,0.407928572898,0.296164290563,0
3,3,2,2,1,1,0,0.135201300171,0.171164290563,0
2,4,2,2,0,1,0,0.165504330474,0.108664290563,0
2,3,3,3,0,0,0,0.135201300171,-0.0788357094365,0
2,3,2,1,1,0,0,-0.228435063466,-0.141335709437,0
2,4,3,3,1,1,0,0.165504330474,0.108664290563,0
4,4,1,4,1,0,0,0.195807360777,-0.0788357094365,0
4,4,1,4,1,0,1,0.347322512292,-0.0163357094365,0
4,4,3,4,0,1,0,-0.410253245284,-0.203835709437,0
2,4,3,4,1,0,0,-0.137525972557,-0.141335709437,0
2,3,3,4,1,1,0,-0.379950214981,-0.141335709437,0
4,4,3,3,1,0,0,0.0139891789586,-0.203835709437,0
4,4,3,4,1,1,0,0.0139891789586,0.108664290563,0
1,4,1,4,1,1,0,0.438231603201,0.171164290563,0
3,3,3,4,1,1,0,-0.228435063466,-0.203835709437,0
4,4,2,4,1,0,0,-0.107222942253,-0.203835709437,0
4,4,1,4,0,1,0,0.135201300171,-0.0788357094365,0
1,3,2,4,1,1,0,0.498837663807,0.171164290563,0
1,1,2,2,1,0,1,0.468534633504,0.296164290563,0
2,2,2,2,1,1,0,-0.410253245284,-0.203835709437,0
1,2,2,1,1,1,1,0.407928572898,-0.0163357094365,0
1,2,3,1,1,1,1,0.195807360777,-0.0788357094365,0
3,4,1,4,1,1,0,-0.0769199119505,0.108664290563,0
2,2,2,2,1,1,0,0.22611039108,0.296164290563,0
1,2,3,4,1,1,1,0.317019481989,-0.141335709437,0
3,4,1,3,1,0,0,-0.107222942253,0.0461642905635,0
3,3,3,3,1,1,0,-0.289041124072,-0.0788357094365,0
2,2,2,4,1,1,0,-0.258738093769,-0.0163357094365,0
3,3,2,4,1,1,0,0.438231603201,-0.0788357094365,0
3,3,2,2,1,0,0,0.0745952395647,-0.0788357094365,0
3,3,2,4,1,1,0,-0.410253245284,-0.141335709437,0
2,3,2,4,1,0,0,0.377625542595,0.0461642905635,0
2,4,3,4,1,1,0,0.286716451686,-0.0788357094365,0
1,1,3,4,1,1,0,0.438231603201,-0.141335709437,0
2,2,3,1,1,1,0,-0.228435063466,-0.0788357094365,0
2,3,3,4,1,1,0,-0.379950214981,-0.0163357094365,0
3,3,3,4,1,1,0,0.0139891789586,0.171164290563,1
4,3,1,4,1,1,0,0.407928572898,0.108664290563,1
4,4,1,4,1,1,0,0.0745952395647,0.0461642905635,1
4,4,1,4,1,0,0,-0.198132033163,-0.0788357094365,1
3,3,1,3,1,0,0,0.104898269868,0.108664290563,1
3,4,1,3,1,1,0,0.135201300171,-0.0163357094365,1
2,4,3,3,1,1,0,0.347322512292,0.0461642905635,1
4,4,1,4,1,1,0,-0.0163138513444,-0.0788357094365,1
2,4,3,4,1,1,0,-0.228435063466,0.171164290563,1
2,3,3,4,1,1,0,0.286716451686,0.233664290563,1
4,4,1,4,0,0,0,-0.0769199119505,-0.0788357094365,1
4,4,1,4,1,1,0,0.195807360777,0.0461642905635,1
1,1,3,4,1,1,0,-0.198132033163,-0.0788357094365,1
2,4,3,4,1,1,0,-0.0769199119505,-0.0163357094365,1
4,4,1,2,0,0,0,0.165504330474,0.0461642905635,1
4,4,1,2,1,1,0,-0.289041124072,-0.141335709437,1
3,4,3,4,1,1,0,-0.440556275587,-0.141335709437,1
3,4,2,3,1,1,0,-0.228435063466,-0.0163357094365,1
4,4,3,3,1,0,0,0.135201300171,-0.0788357094365,1
3,4,3,2,1,1,0,-0.379950214981,-0.141335709437,1
4,4,1,4,1,1,0,0.377625542595,0.233664290563,1
2,1,3,3,1,0,0,-0.137525972557,-0.0788357094365,1
2,2,2,3,1,1,0,0.0139891789586,-0.0163357094365,1
2,3,3,3,1,1,0,-0.137525972557,-0.0788357094365,1
2,4,3,4,1,0,0,-0.0769199119505,-0.141335709437,1
4,4,2,4,1,1,0,-0.0163138513444,0.0461642905635,1
4,3,2,4,1,0,0,0.468534633504,0.233664290563,1
4,4,1,4,1,0,0,0.407928572898,-0.0788357094365,1
4,4,1,4,0,0,0,-0.0163138513444,-0.0788357094365,1
4,4,1,4,1,1,0,0.498837663807,0.421164290563,1
2,2,3,4,1,0,0,0.0139891789586,0.171164290563,1
4,4,1,4,1,1,0,0.195807360777,-0.0163357094365,1
4,4,1,4,0,0,0,0.0745952395647,0.108664290563,1
4,4,1,3,0,1,0,0.104898269868,-0.0163357094365,1
3,4,2,4,1,1,0,-0.379950214981,-0.141335709437,1
4,4,3,4,1,1,0,-0.289041124072,-0.141335709437,1
2,4,1,3,1,1,0,-0.198132033163,-0.0788357094365,1
3,3,3,1,1,1,0,-0.228435063466,-0.141335709437,1
4,4,1,4,1,1,0,-0.0466168816474,-0.141335709437,1
4,4,2,4,1,1,0,0.104898269868,-0.0788357094365,1
3,3,3,4,1,0,0,-0.0163138513444,-0.0788357094365,1
4,4,1,4,1,1,0,0.104898269868,-0.0163357094365,1
4,4,1,4,1,1,0,0.22611039108,-0.0163357094365,1
4,4,1,4,1,1,0,0.407928572898,0.0461642905635,1
4,4,1,4,0,1,0,0.286716451686,0.296164290563,1
4,4,1,4,1,0,0,0.195807360777,0.0461642905635,1
4,4,1,4,1,1,0,0.0442922092617,-0.0788357094365,1
4,4,1,4,1,1,0,0.104898269868,-0.0163357094365,1
4,4,1,4,1,1,0,0.135201300171,-0.0163357094365,1
4,4,1,4,0,1,0,0.104898269868,0.0461642905635,1
4,4,1,4,1,1,0,0.165504330474,-0.0788357094365,1
3,3,2,4,0,0,0,-0.16782900286,-0.141335709437,1
4,3,1,4,1,1,0,0.135201300171,0.296164290563,1
1,4,4,2,1,0,1,-0.258738093769,-0.141335709437,1
2,4,1,4,1,1,0,0.286716451686,0.296164290563,1
4,4,4,4,0,0,0,-0.0466168816474,-0.0163357094365,1
2,3,3,3,1,1,0,0.0442922092617,-0.0788357094365,1
4,4,3,3,1,1,0,0.0442922092617,0.0461642905635,1
4,4,1,4,0,0,0,0.104898269868,0.0461642905635,1
4,4,1,4,1,1,0,0.438231603201,0.296164290563,1
4,4,1,4,1,1,0,0.0442922092617,-0.0163357094365,1
4,4,1,3,0,1,0,0.347322512292,0.171164290563,1
4,4,1,4,1,1,0,-0.349647184678,-0.141335709437,1
4,4,1,3,1,1,0,0.286716451686,0.171164290563,1
4,4,2,3,1,0,0,0.347322512292,0.0461642905635,1
4,4,2,3,1,1,0,-0.410253245284,-0.141335709437,1
1,3,2,3,1,0,1,0.0745952395647,0.233664290563,1
4,4,3,2,1,1,0,-0.258738093769,-0.141335709437,1
3,4,1,3,0,1,0,-0.0163138513444,0.233664290563,1
3,3,3,3,1,0,0,-0.0466168816474,-0.0788357094365,1
3,4,2,3,1,0,0,0.438231603201,0.483664290563,1
4,4,3,3,1,0,0,0.165504330474,0.171164290563,1
4,4,1,3,1,1,0,0.22611039108,0.0461642905635,1
3,3,3,2,1,1,0,0.0745952395647,0.0461642905635,1
3,4,3,4,1,1,0,-0.198132033163,-0.0163357094365,1
4,3,3,3,1,1,0,-0.289041124072,-0.0163357094365,1
4,4,1,4,0,0,0,0.22611039108,0.171164290563,1
4,4,1,4,1,1,0,0.135201300171,-0.0163357094365,1
4,4,2,4,1,1,0,0.195807360777,0.108664290563,1
4,4,2,4,1,1,0,-0.228435063466,-0.0788357094365,1
4,4,1,4,0,1,0,0.468534633504,0.0461642905635,1
4,4,1,4,1,1,0,-0.0466168816474,-0.0163357094365,1
4,4,2,4,0,1,0,-0.198132033163,-0.141335709437,1
4,4,1,4,1,0,0,0.347322512292,0.108664290563,1
4,4,2,4,1,0,0,-0.107222942253,-0.141335709437,1
2,1,2,1,1,1,0,0.104898269868,0.171164290563,1
4,4,1,3,1,0,0,-0.107222942253,-0.0788357094365,1
2,3,3,4,1,1,0,0.135201300171,0.233664290563,1
3,3,1,2,1,1,0,-0.137525972557,-0.0163357094365,1
2,3,1,2,1,1,0,0.22611039108,0.171164290563,1
4,4,1,4,1,1,0,0.0139891789586,0.0461642905635,1
4,4,1,2,1,1,0,-0.319344154375,-0.141335709437,1
3,4,1,3,1,0,1,0.0745952395647,0.108664290563,1
4,4,3,3,0,1,0,-0.0163138513444,-0.0163357094365,1
4,4,1,3,1,0,0,0.0745952395647,0.108664290563,1
4,4,1,4,1,1,0,-0.107222942253,-0.0788357094365,1
3,3,3,4,1,0,0,-0.289041124072,-0.0788357094365,1
4,4,1,4,1,0,0,0.0745952395647,-0.0788357094365,1
4,4,2,4,1,0,0,0.104898269868,-0.0163357094365,1
4,4,1,4,1,0,0,-0.0163138513444,-0.0788357094365,1
4,1,3,3,1,1,0,-0.0769199119505,0.0461642905635,1
4,4,2,4,0,1,0,0.104898269868,0.0461642905635,1
4,4,3,4,1,1,0,0.0139891789586,-0.0163357094365,1
3,4,3,3,0,1,0,0.0139891789586,0.108664290563,1
2,4,2,3,1,1,0,0.317019481989,0.608664290563,1
3,3,2,3,1,1,0,0.0745952395647,0.171164290563,1
4,4,1,3,1,1,0,0.165504330474,0.108664290563,1
3,1,3,1,1,1,0,-0.228435063466,0.0461642905635,1
3,3,3,2,1,1,0,-0.198132033163,-0.0788357094365,1
4,4,3,4,1,1,0,-0.258738093769,-0.141335709437,1
3,4,4,4,1,1,0,-0.319344154375,-0.141335709437,1
2,3,2,1,1,0,0,0.0139891789586,0.108664290563,1
3,3,3,4,1,1,0,0.377625542595,0.233664290563,1
4,4,1,3,1,0,0,-0.107222942253,-0.0788357094365,1
2,2,2,4,1,1,0,0.438231603201,0.233664290563,1
3,2,3,2,1,1,0,0.104898269868,0.171164290563,1
3,3,2,3,1,1,0,0.377625542595,0.296164290563,1
4,4,1,4,1,0,0,0.438231603201,0.171164290563,1
3,4,2,4,1,0,0,0.317019481989,-0.0788357094365,1
4,4,3,2,1,1,0,0.347322512292,0.233664290563,1
2,4,3,3,1,1,0,-0.258738093769,-0.0788357094365,1
4,4,1,3,1,0,0,-0.137525972557,-0.0788357094365,1
4,4,3,4,1,1,0,0.0442922092617,0.108664290563,1
3,4,1,3,1,1,0,-0.0466168816474,0.0461642905635,1
4,4,1,4,1,1,0,-0.16782900286,-0.0163357094365,1
3,3,3,4,1,0,0,-0.16782900286,-0.141335709437,1
4,4,1,3,1,0,0,-0.198132033163,-0.141335709437,1
3,4,2,2,1,1,0,0.104898269868,0.233664290563,1
4,4,3,3,0,1,0,0.0745952395647,0.0461642905635,1
4,4,3,3,1,1,0,0.165504330474,0.171164290563,1
4,4,2,4,1,1,0,0.347322512292,0.233664290563,1
4,4,1,4,1,1,0,-0.228435063466,-0.141335709437,1
4,4,1,3,0,1,0,-0.228435063466,-0.0788357094365,1
4,4,1,4,1,1,0,0.256413421383,0.0461642905635,1
3,4,1,3,1,1,0,0.256413421383,0.108664290563,1
4,4,1,4,1,0,0,-0.258738093769,-0.141335709437,1
4,4,3,3,1,1,0,0.0139891789586,-0.0163357094365,1
4,4,3,3,1,0,0,-0.107222942253,-0.0163357094365,1
4,4,1,4,1,0,0,0.438231603201,0.0461642905635,1
4,4,1,3,1,1,0,-0.137525972557,0.0461642905635,1
2,2,3,2,1,1,0,-0.349647184678,-0.141335709437,1
3,3,3,3,1,0,0,-0.0163138513444,0.171164290563,1
3,4,1,4,1,1,0,-0.0769199119505,-0.0788357094365,1
4,4,3,4,1,1,0,0.135201300171,0.108664290563,1
4,3,3,2,1,0,0,-0.107222942253,0.0461642905635,1
4,4,1,4,1,0,0,0.165504330474,-0.0163357094365,1
3,3,1,4,1,1,0,0.498837663807,0.483664290563,1
3,3,1,4,1,1,0,0.256413421383,0.108664290563,1
3,4,3,2,1,1,1,0.317019481989,0.108664290563,1
1,1,3,3,1,1,0,0.438231603201,0.421164290563,1
4,4,1,3,1,1,0,-0.319344154375,-0.141335709437,1
4,4,1,4,0,0,0,-0.16782900286,-0.141335709437,1
3,4,2,3,0,1,0,0.0442922092617,-0.0788357094365,1
3,3,2,4,1,1,0,0.286716451686,0.0461642905635,1
4,4,1,4,0,0,0,0.195807360777,-0.0163357094365,1
4,4,2,4,0,1,0,0.104898269868,-0.0163357094365,1
4,4,2,1,1,1,0,-0.349647184678,-0.141335709437,1
3,4,2,4,0,0,0,0.104898269868,0.0461642905635,1
2,3,4,4,1,0,0,-0.228435063466,-0.141335709437,1
4,4,2,4,0,0,0,0.256413421383,0.0461642905635,1
4,4,2,4,0,0,0,-0.0163138513444,0.0461642905635,1
4,4,2,4,0,0,0,0.256413421383,0.0461642905635,1
4,4,1,4,0,1,0,0.317019481989,-0.0163357094365,1
4,4,2,3,1,1,0,0.0745952395647,-0.0163357094365,1
4,4,1,3,1,0,0,-0.258738093769,-0.0788357094365,1
4,4,1,4,1,1,0,0.317019481989,0.171164290563,1
4,4,1,4,0,1,0,0.468534633504,0.233664290563,1
4,4,1,3,1,1,0,-0.137525972557,-0.0788357094365,1
4,4,1,4,1,1,0,-0.258738093769,-0.141335709437,1
4,4,1,4,1,0,0,0.286716451686,-0.0163357094365,1
4,4,1,4,1,1,0,0.195807360777,-0.0163357094365,1
4,4,1,4,1,1,0,-0.258738093769,-0.141335709437,1
4,3,2,4,1,1,0,0.0139891789586,0.108664290563,1
4,4,3,4,1,1,0,-0.107222942253,-0.0788357094365,1
4,4,1,4,1,1,0,0.347322512292,0.108664290563,1
4,4,2,4,1,1,0,-0.47085930589,-0.141335709437,1
3,4,2,2,1,1,0,0.0745952395647,-0.0163357094365,1
3,4,1,2,1,1,0,-0.0163138513444,0.108664290563,1
4,4,1,3,1,0,0,-0.16782900286,-0.0788357094365,1
4,4,1,4,1,1,0,0.347322512292,0.0461642905635,1
4,4,1,4,1,1,0,0.286716451686,0.108664290563,1
4,4,1,3,1,1,0,0.22611039108,0.171164290563,1
4,4,1,4,1,1,0,0.347322512292,-0.0163357094365,1
4,4,2,4,1,1,0,0.0139891789586,0.108664290563,1
2,4,3,4,0,0,1,0.0745952395647,-0.0163357094365,1
4,2,1,3,0,1,0,-0.0466168816474,-0.0788357094365,1
4,4,3,4,0,1,0,0.135201300171,-0.0163357094365,1
4,4,2,4,0,1,0,0.377625542595,-0.0163357094365,1
4,4,1,4,0,1,0,-0.198132033163,-0.0788357094365,1
3,4,3,4,0,1,0,0.22611039108,-0.0788357094365,1
4,4,2,4,0,1,0,-0.0769199119505,-0.141335709437,1
3,4,3,4,0,0,0,0.104898269868,-0.0163357094365,1
3,4,2,4,0,1,0,0.0139891789586,-0.0163357094365,1
4,4,2,4,0,1,0,0.256413421383,0.108664290563,1
3,3,2,4,0,1,0,0.377625542595,0.171164290563,1
4,4,2,4,0,1,0,0.468534633504,0.171164290563,1
4,4,3,4,0,0,0,0.0745952395647,-0.0163357094365,1
4,4,2,4,0,0,0,0.135201300171,0.0461642905635,1
4,4,1,4,0,0,0,0.407928572898,-0.0163357094365,1
4,4,3,4,0,1,0,0.165504330474,0.0461642905635,1
3,4,2,4,1,1,0,-0.0769199119505,0.233664290563,1
4,3,1,4,1,0,0,0.286716451686,0.233664290563,1
2,2,3,4,1,1,0,0.0745952395647,0.171164290563,1
4,4,3,4,1,1,0,0.0442922092617,0.171164290563,1
4,4,1,4,1,1,0,0.135201300171,0.0461642905635,1
4,4,1,4,1,1,0,0.165504330474,0.171164290563,1
3,3,2,3,1,1,0,-0.0769199119505,-0.0788357094365,1
4,4,1,4,1,1,0,0.407928572898,0.0461642905635,1
4,4,2,4,0,1,0,-0.0466168816474,-0.0163357094365,1
4,4,1,4,0,1,0,0.256413421383,0.171164290563,1
4,4,2,4,1,1,0,0.256413421383,0.233664290563,1
4,4,2,4,0,0,0,-0.0163138513444,-0.0788357094365,1
4,4,1,4,1,1,0,0.347322512292,0.0461642905635,1
4,4,1,4,0,1,0,0.195807360777,0.0461642905635,1
4,4,1,4,1,1,0,0.195807360777,0.108664290563,1
4,4,1,4,1,1,0,0.377625542595,0.0461642905635,1
4,4,1,4,1,1,0,0.0139891789586,-0.0163357094365,1
4,4,1,4,0,1,0,0.195807360777,-0.0163357094365,1
4,4,1,4,1,0,0,0.347322512292,-0.0163357094365,1
3,3,3,4,1,1,0,0.0442922092617,0.171164290563,1
3,3,3,4,1,1,0,0.0139891789586,0.108664290563,1
2,2,2,2,1,1,0,0.0442922092617,0.296164290563,1
3,2,2,4,1,1,0,-0.16782900286,0.108664290563,1
1,1,3,4,1,1,1,0.438231603201,0.296164290563,1
2,4,1,4,1,1,1,-0.228435063466,-0.0163357094365,1
3,4,1,2,1,1,1,-0.258738093769,0.108664290563,1
4,4,1,4,1,0,0,0.256413421383,0.0461642905635,1
3,3,3,4,1,1,0,-0.107222942253,0.0461642905635,0
2,2,3,1,1,1,0,-0.16782900286,0.108664290563,0
3,4,1,2,1,1,0,0.22611039108,0.108664290563,0
2,2,3,1,1,1,0,-0.0769199119505,0.171164290563,0
4,4,1,4,1,0,0,-0.258738093769,-0.141335709437,0
4,4,1,4,1,0,0,0.104898269868,-0.0788357094365,0
2,2,3,2,1,1,0,-0.47085930589,-0.141335709437,0
1,2,2,3,1,1,0,-0.137525972557,0.0461642905635,0
2,4,1,4,1,1,0,-0.16782900286,-0.141335709437,0
3,3,3,3,1,1,0,-0.349647184678,-0.141335709437,0
2,2,2,4,1,1,0,-0.0769199119505,0.0461642905635,0
4,4,1,4,1,1,0,0.468534633504,0.796164290563,0
2,4,3,3,1,0,0,-0.107222942253,-0.0163357094365,0
4,4,3,4,1,1,0,-0.107222942253,-0.0788357094365,0
3,4,1,3,1,1,0,-0.379950214981,-0.0788357094365,0
4,4,3,2,1,1,0,-0.137525972557,-0.141335709437,0
2,3,2,3,1,0,0,-0.0163138513444,0.108664290563,0
3,3,3,3,1,0,0,-0.16782900286,-0.141335709437,0
2,3,3,1,1,1,0,-0.228435063466,-0.141335709437,0
4,4,1,4,1,1,0,0.317019481989,-0.0163357094365,0
4,4,2,4,1,1,0,0.0745952395647,-0.0788357094365,0
4,4,1,4,1,1,0,-0.0769199119505,-0.141335709437,0
1,4,4,4,1,1,1,-0.107222942253,-0.0163357094365,0
3,4,3,4,1,1,0,0.0139891789586,0.296164290563,0
3,4,2,4,1,0,0,0.135201300171,0.108664290563,0
2,4,4,4,1,1,0,-0.16782900286,-0.0163357094365,0
2,4,2,4,1,1,0,0.0139891789586,-0.0163357094365,0
2,3,3,3,1,0,0,0.0745952395647,0.171164290563,0
3,3,2,4,1,1,0,-0.379950214981,-0.0788357094365,0
2,4,3,4,1,1,0,-0.198132033163,-0.0163357094365,0
3,3,3,3,1,1,0,-0.258738093769,-0.0788357094365,0
1,3,3,2,1,1,0,0.377625542595,-0.0163357094365,0
3,4,1,3,1,1,0,0.0442922092617,0.0461642905635,0
4,3,1,4,1,1,0,0.498837663807,0.608664290563,0
4,4,1,4,1,1,0,0.0139891789586,0.108664290563,0
3,3,3,4,1,1,0,0.0139891789586,0.296164290563,0
3,4,1,4,1,1,0,-0.258738093769,-0.0163357094365,0
2,2,2,1,1,1,0,-0.0769199119505,0.0461642905635,0
2,4,2,1,1,1,0,-0.16782900286,0.0461642905635,0
4,3,2,2,1,1,0,-0.289041124072,-0.141335709437,0
4,4,1,4,1,1,0,0.0745952395647,0.0461642905635,0
4,4,1,4,0,1,0,0.0745952395647,-0.141335709437,0
4,4,1,4,0,0,0,0.22611039108,-0.0788357094365,0
3,3,3,3,1,1,0,-0.107222942253,-0.141335709437,0
3,3,3,3,1,1,0,0.0139891789586,-0.0163357094365,0
4,4,1,2,0,1,1,0.104898269868,0.171164290563,0
4,4,1,4,0,1,0,0.104898269868,0.0461642905635,0
4,4,3,3,1,1,0,0.256413421383,-0.141335709437,0
3,4,3,2,1,1,0,0.165504330474,-0.0163357094365,0
2,4,3,3,1,1,0,-0.107222942253,-0.0163357094365,0
4,4,1,3,1,1,0,-0.410253245284,-0.141335709437,0
2,3,2,3,1,1,0,0.0442922092617,-0.0788357094365,0
2,4,3,4,1,1,0,-0.198132033163,-0.0163357094365,0
4,4,2,3,1,1,0,-0.319344154375,-0.141335709437,0
4,4,2,4,1,1,0,0.286716451686,0.233664290563,0
3,4,3,2,1,1,0,-0.16782900286,-0.0788357094365,0
4,4,1,4,1,1,0,-0.16782900286,-0.0788357094365,0
4,3,2,2,1,0,0,0.195807360777,-0.141335709437,0
4,4,3,1,1,1,0,-0.349647184678,-0.141335709437,0
2,3,3,3,1,1,0,0.104898269868,0.233664290563,0
1,2,1,2,1,0,0,-0.107222942253,0.108664290563,0
2,3,2,1,1,1,0,-0.107222942253,0.0461642905635,0
3,2,2,1,1,1,0,-0.319344154375,-0.0788357094365,0
2,3,2,1,1,1,0,-0.379950214981,-0.141335709437,0
3,4,2,4,1,0,0,0.0139891789586,0.0461642905635,0
3,3,2,3,1,1,0,-0.16782900286,-0.0163357094365,0
4,4,1,4,1,1,0,-0.228435063466,-0.0163357094365,0
4,3,3,3,1,1,0,-0.228435063466,-0.0788357094365,0
2,3,3,2,1,1,0,-0.0163138513444,0.0461642905635,0
3,4,1,3,1,1,0,0.195807360777,-0.0788357094365,0
3,3,2,1,1,1,1,-0.0466168816474,-0.0163357094365,0
4,4,3,4,1,1,0,-0.198132033163,0.0461642905635,0
3,3,3,4,1,1,0,-0.0769199119505,0.233664290563,0
3,3,3,3,1,0,0,0.317019481989,0.108664290563,0
2,4,3,3,1,1,0,0.0442922092617,0.0461642905635,0
4,4,1,4,1,1,0,0.317019481989,-0.0163357094365,0
4,4,1,4,0,1,0,-0.0163138513444,-0.0163357094365,0
4,4,1,4,1,1,0,0.256413421383,0.108664290563,0
4,4,1,4,0,1,0,-0.0163138513444,-0.0163357094365,0
4,4,1,4,1,1,0,0.407928572898,0.0461642905635,0
3,4,1,4,1,0,0,0.22611039108,-0.0163357094365,0
4,4,2,3,1,1,0,-0.349647184678,-0.141335709437,0
4,4,1,4,1,1,0,-0.0163138513444,-0.0163357094365,0
4,4,3,3,0,1,0,-0.228435063466,-0.141335709437,0
4,4,1,3,1,1,0,-0.258738093769,-0.141335709437,0
2,3,3,2,1,0,0,-0.349647184678,-0.141335709437,0
4,4,3,3,1,1,0,-0.319344154375,-0.141335709437,0
4,4,1,3,1,1,0,-0.0163138513444,0.0461642905635,0
4,4,2,2,1,0,0,-0.0769199119505,-0.0788357094365,0
1,2,2,1,1,1,0,-0.228435063466,-0.0788357094365,0
3,3,3,1,0,1,0,-0.0466168816474,0.171164290563,0
2,4,2,3,1,1,0,-0.410253245284,-0.141335709437,0
2,2,2,3,1,0,0,0.0139891789586,0.233664290563,0
2,2,3,4,1,1,0,-0.258738093769,-0.0788357094365,0
3,3,2,3,1,1,0,-0.410253245284,-0.0163357094365,0
2,2,3,3,1,1,0,-0.16782900286,0.108664290563,0
4,4,1,4,0,0,0,-0.0163138513444,-0.0788357094365,0
4,4,1,3,1,0,0,-0.0163138513444,-0.0788357094365,0
1,3,3,3,1,1,0,-0.107222942253,0.108664290563,0
3,4,2,3,1,1,0,-0.289041124072,-0.141335709437,0
2,4,2,3,1,1,0,0.0442922092617,0.233664290563,0
2,4,3,3,1,1,0,-0.16782900286,-0.141335709437,0
4,4,3,2,1,1,0,0.135201300171,0.0461642905635,0
3,4,2,3,1,1,0,-0.198132033163,0.0461642905635,0
2,3,3,3,1,1,0,-0.0466168816474,0.233664290563,0
4,4,1,4,1,1,0,0.347322512292,0.483664290563,0
3,4,1,4,1,1,0,0.0745952395647,0.0461642905635,0
4,4,3,4,1,1,0,-0.289041124072,-0.0788357094365,0
2,4,1,4,1,1,0,-0.258738093769,-0.0788357094365,0
4,4,1,4,1,1,0,-0.258738093769,-0.0788357094365,0
4,4,2,4,1,1,0,0.195807360777,-0.0163357094365,0
3,4,3,3,1,1,0,0.0139891789586,0.0461642905635,0
2,3,2,1,1,1,0,-0.258738093769,-0.0788357094365,0
4,4,1,4,1,1,0,0.0745952395647,0.0461642905635,0
4,4,1,4,1,1,0,0.0745952395647,0.171164290563,0
4,4,3,3,1,1,0,0.0442922092617,-0.0788357094365,0
3,4,2,3,1,1,0,0.468534633504,-0.0163357094365,0
4,4,1,3,1,1,0,-0.137525972557,-0.141335709437,0
4,4,3,3,1,1,0,-0.198132033163,-0.141335709437,0
3,3,1,3,1,1,0,0.317019481989,0.296164290563,0
2,2,2,4,1,0,0,-0.137525972557,0.108664290563,0
3,4,2,3,1,1,0,-0.319344154375,-0.0163357094365,0
3,3,3,3,1,1,0,-0.198132033163,-0.0163357094365,0
3,4,3,3,1,1,0,-0.0769199119505,0.0461642905635,0
4,4,2,3,1,1,0,0.165504330474,0.108664290563,0
4,4,2,4,1,1,0,0.347322512292,0.296164290563,0
4,4,1,4,0,1,0,-0.228435063466,-0.141335709437,0
4,4,1,4,1,1,0,0.0442922092617,-0.0163357094365,0
4,4,3,4,1,1,0,-0.198132033163,-0.0163357094365,0
4,4,1,3,1,1,0,-0.379950214981,-0.0788357094365,0
4,4,1,3,0,1,0,0.195807360777,-0.0788357094365,0
3,4,3,3,1,1,0,-0.16782900286,0.0461642905635,0
4,4,3,4,1,0,0,-0.0163138513444,-0.0788357094365,0
3,4,1,4,1,0,0,0.468534633504,0.296164290563,0
4,3,3,4,1,1,0,0.195807360777,0.0461642905635,0
4,4,1,4,1,0,0,0.135201300171,-0.0163357094365,0
4,4,1,3,0,0,0,0.0139891789586,-0.0788357094365,0
4,4,1,4,1,0,0,-0.0163138513444,-0.0163357094365,0
4,4,1,3,1,1,0,-0.228435063466,-0.0788357094365,0
4,4,2,4,1,1,0,0.135201300171,-0.0163357094365,0
4,4,1,4,1,1,0,0.22611039108,0.0461642905635,0
4,4,2,4,1,1,0,0.165504330474,0.171164290563,0
4,4,1,4,1,1,0,0.104898269868,0.0461642905635,0
3,3,2,2,1,1,0,-0.16782900286,-0.0163357094365,0
1,3,3,1,1,1,0,-0.319344154375,-0.0788357094365,0
2,2,2,3,1,1,0,-0.319344154375,-0.0788357094365,0
3,4,2,3,1,1,0,-0.0769199119505,-0.0163357094365,0
2,2,3,2,1,1,1,-0.379950214981,-0.0788357094365,0
4,4,1,4,1,1,0,0.0442922092617,-0.0788357094365,0
3,4,3,1,1,1,0,-0.0466168816474,0.108664290563,0
3,3,3,2,1,0,0,-0.0769199119505,-0.0163357094365,0
3,4,1,4,1,0,0,0.347322512292,0.108664290563,0
3,3,2,1,1,0,0,-0.258738093769,-0.0163357094365,0
4,4,1,4,1,1,0,-0.410253245284,-0.0788357094365,0
4,4,2,4,1,1,0,-0.137525972557,0.108664290563,0
4,4,1,3,0,0,0,-0.16782900286,-0.141335709437,0
3,3,2,1,1,1,0,-0.107222942253,-0.0163357094365,0
4,4,2,4,1,1,0,0.135201300171,-0.0163357094365,0
2,2,2,1,1,1,0,-0.0163138513444,0.296164290563,0
2,2,4,3,1,1,0,-0.349647184678,-0.141335709437,0
2,3,3,1,1,0,0,0.0139891789586,0.233664290563,0
2,3,3,1,1,1,0,-0.289041124072,-0.0788357094365,0
2,2,3,4,1,1,0,0.104898269868,0.108664290563,0
2,4,3,4,1,1,0,0.0139891789586,-0.0163357094365,0
4,4,1,4,1,0,0,0.0745952395647,-0.0788357094365,0
2,3,3,3,1,1,0,-0.228435063466,0.0461642905635,0
2,4,2,4,1,0,0,-0.107222942253,0.0461642905635,0
3,3,2,2,1,1,0,-0.289041124072,-0.141335709437,0
3,3,2,1,1,1,0,-0.410253245284,-0.141335709437,0
1,2,2,2,1,1,1,0.0745952395647,0.171164290563,0
3,3,3,2,1,1,0,-0.228435063466,-0.0163357094365,0
3,4,1,3,1,1,0,0.22611039108,0.171164290563,0
3,4,2,1,1,1,0,-0.47085930589,-0.141335709437,0
2,4,3,3,1,1,0,-0.228435063466,-0.0163357094365,0
3,3,3,2,1,1,0,-0.258738093769,-0.141335709437,0
4,4,3,3,1,1,0,-0.289041124072,-0.141335709437,0
2,4,3,2,1,1,0,-0.228435063466,-0.0163357094365,0
1,3,3,4,1,1,0,-0.0769199119505,0.0461642905635,0
1,1,4,2,1,1,1,-0.0466168816474,-0.0163357094365,0
3,4,3,3,1,1,0,-0.198132033163,-0.0788357094365,0
3,4,2,3,1,1,0,-0.137525972557,-0.0788357094365,0
3,3,3,1,1,1,0,-0.0769199119505,-0.0163357094365,0
3,4,1,2,1,1,0,-0.107222942253,0.108664290563,0
1,3,3,3,1,1,0,-0.258738093769,0.0461642905635,0
3,4,1,3,1,1,0,-0.198132033163,-0.0788357094365,0
3,3,3,3,1,1,0,-0.228435063466,-0.0163357094365,0
4,4,1,4,1,1,0,0.0745952395647,-0.0163357094365,0
4,4,2,4,1,0,0,-0.319344154375,-0.141335709437,0
4,4,2,4,1,1,0,-0.410253245284,-0.141335709437,0
2,3,2,4,1,1,0,-0.107222942253,0.108664290563,0
3,4,3,3,1,1,0,-0.349647184678,-0.0788357094365,0
3,3,3,3,1,1,0,-0.349647184678,-0.141335709437,0
1,4,2,1,1,1,0,0.256413421383,0.358664290563,0
2,4,2,3,1,1,0,0.135201300171,-0.0163357094365,0
4,4,3,4,1,1,1,-0.16782900286,-0.0163357094365,0
2,3,2,3,1,1,0,-0.198132033163,-0.0788357094365,0
4,4,3,4,1,0,0,0.135201300171,0.171164290563,0
3,3,2,1,1,1,0,-0.228435063466,-0.0163357094365,0
4,3,2,4,1,1,0,-0.0163138513444,-0.0163357094365,0
1,4,3,4,1,1,1,0.0442922092617,0.0461642905635,0
4,4,2,4,1,0,0,-0.289041124072,-0.0788357094365,0
3,4,3,4,1,1,0,-0.137525972557,-0.0788357094365,0
3,4,3,4,1,1,0,-0.258738093769,-0.141335709437,0
2,3,2,2,1,0,0,-0.0163138513444,0.0461642905635,0
1,2,3,1,1,1,1,-0.319344154375,-0.0163357094365,0
3,3,2,1,1,1,0,-0.228435063466,-0.141335709437,0
2,3,2,4,1,1,0,-0.228435063466,-0.0788357094365,0
2,3,2,4,1,1,0,0.165504330474,-0.0163357094365,0
2,2,3,4,1,1,0,0.0139891789586,-0.0788357094365,0
4,4,1,4,1,1,0,0.256413421383,0.296164290563,0
3,3,3,4,1,1,0,-0.107222942253,0.0461642905635,0
3,4,1,4,1,0,0,-0.319344154375,-0.141335709437,0
3,3,3,3,1,1,0,-0.107222942253,0.171164290563,0
3,4,3,3,1,1,0,-0.198132033163,-0.0163357094365,0
2,3,3,4,1,1,0,-0.137525972557,-0.0163357094365,0
4,4,3,4,0,1,0,-0.16782900286,-0.141335709437,0
2,4,3,2,1,1,0,-0.107222942253,-0.0788357094365,0
3,4,3,3,1,1,0,-0.258738093769,-0.0788357094365,0
3,4,3,2,1,1,0,-0.107222942253,-0.0163357094365,0
3,4,3,2,1,1,0,0.165504330474,0.233664290563,0
3,2,3,2,1,0,0,-0.289041124072,-0.0788357094365,0
4,3,3,4,1,1,0,-0.379950214981,-0.141335709437,0
1,4,3,2,1,1,0,-0.0163138513444,0.0461642905635,0
2,3,3,1,1,1,0,-0.228435063466,-0.0788357094365,0
1,2,3,2,1,0,0,-0.198132033163,-0.0163357094365,0
1,2,3,2,1,1,1,-0.289041124072,-0.0163357094365,0
4,4,3,3,1,1,0,-0.289041124072,-0.0163357094365,0
3,4,2,4,1,1,0,-0.137525972557,0.108664290563,0
4,4,3,2,1,1,0,-0.319344154375,-0.0163357094365,0
2,4,3,4,1,1,0,-0.137525972557,0.0461642905635,0
3,3,3,3,1,1,0,-0.198132033163,-0.0163357094365,0
2,3,3,3,1,1,0,-0.198132033163,-0.0788357094365,0
4,3,3,3,1,1,0,-0.258738093769,-0.0163357094365,0
4,4,1,4,1,0,0,-0.107222942253,-0.0163357094365,0
3,4,1,3,1,0,0,-0.107222942253,0.0461642905635,0
4,4,1,4,1,1,0,0.286716451686,0.108664290563,0
4,4,3,4,1,1,0,-0.16782900286,-0.0788357094365,0
3,4,1,4,1,1,0,0.0745952395647,0.108664290563,0
3,4,3,2,1,1,0,-0.349647184678,-0.141335709437,0
1,3,3,3,1,1,1,-0.349647184678,-0.141335709437,0
3,4,3,3,1,1,0,-0.319344154375,-0.141335709437,0
3,3,3,3,1,1,0,-0.137525972557,0.0461642905635,0
3,4,1,4,0,0,0,-0.319344154375,-0.141335709437,0
3,2,3,3,1,1,0,-0.289041124072,-0.141335709437,0
3,3,2,3,0,1,0,-0.137525972557,-0.0788357094365,0
4,4,2,4,0,0,0,-0.0769199119505,-0.0163357094365,0
3,4,3,4,1,0,0,-0.228435063466,-0.0163357094365,0
4,4,2,3,1,1,0,0.0139891789586,0.0461642905635,0
3,4,3,2,1,1,0,0.0139891789586,0.171164290563,0
4,4,3,3,0,0,0,-0.0769199119505,-0.0788357094365,0
2,4,3,3,1,1,0,-0.319344154375,-0.141335709437,0
3,3,3,4,0,1,0,0.165504330474,-0.0788357094365,0
4,3,3,4,0,1,0,0.0745952395647,-0.0788357094365,0
2,2,3,2,0,1,0,0.0442922092617,0.0461642905635,0
4,4,3,4,0,1,0,0.195807360777,-0.0788357094365,0
4,3,1,3,1,1,0,0.438231603201,0.0461642905635,0
4,4,1,4,1,0,0,0.165504330474,-0.0788357094365,0
4,4,1,4,1,1,0,0.317019481989,0.108664290563,0
3,3,2,2,1,1,0,-0.349647184678,-0.141335709437,0
3,4,1,2,1,1,0,-0.0769199119505,-0.0788357094365,0
3,4,1,3,1,1,0,-0.16782900286,-0.0788357094365,0
4,4,3,1,0,1,0,-0.319344154375,-0.141335709437,0
1,2,2,3,1,1,0,-0.228435063466,-0.0163357094365,0
1,3,3,2,1,1,0,-0.319344154375,-0.0788357094365,0
4,4,2,3,1,1,0,-0.137525972557,0.0461642905635,0
3,3,2,3,1,1,0,-0.228435063466,-0.0788357094365,0
4,4,3,3,1,0,0,-0.198132033163,-0.0788357094365,0
3,3,3,1,1,1,1,-0.0466168816474,-0.0163357094365,0
1,3,3,3,1,1,0,-0.0163138513444,0.0461642905635,0
2,4,3,4,1,1,0,0.0745952395647,0.171164290563,0
2,3,3,3,1,1,0,-0.258738093769,0.108664290563,0
4,4,1,4,1,1,0,-0.137525972557,-0.0788357094365,0
4,4,2,4,0,0,0,0.104898269868,-0.0163357094365,0
4,4,1,3,1,1,0,0.438231603201,0.108664290563,0
4,4,1,4,1,0,0,-0.198132033163,-0.0788357094365,0
3,4,3,4,0,1,0,-0.319344154375,-0.0788357094365,0
4,4,4,3,1,1,0,-0.0769199119505,-0.0788357094365,0
4,4,1,4,1,1,0,0.256413421383,0.108664290563,0
4,4,3,2,1,1,0,-0.410253245284,-0.141335709437,0
3,4,3,3,0,1,0,0.377625542595,-0.0788357094365,0
1,2,2,2,1,1,1,0.0745952395647,0.108664290563,0
2,2,3,2,1,1,0,-0.349647184678,-0.141335709437,0
1,2,2,3,0,1,0,-0.0163138513444,0.171164290563,0
3,4,3,4,0,1,0,-0.0163138513444,0.108664290563,0
2,3,3,4,0,0,0,0.407928572898,0.171164290563,0
1,2,3,3,1,1,0,0.256413421383,0.171164290563,0
4,4,3,4,0,1,0,0.104898269868,-0.0163357094365,0
3,4,3,4,0,1,0,0.135201300171,-0.0163357094365,0
3,4,2,4,0,1,0,0.135201300171,0.0461642905635,0
4,4,3,4,0,1,0,0.0745952395647,-0.0163357094365,0
2,3,3,2,1,1,0,-0.107222942253,0.0461642905635,0
4,4,2,4,0,1,0,-0.137525972557,-0.0788357094365,0
4,4,1,4,0,1,0,0.407928572898,0.0461642905635,0
4,3,2,4,0,1,0,0.0442922092617,-0.0163357094365,0
3,3,3,4,0,0,0,0.317019481989,-0.0788357094365,0
4,4,3,4,0,0,0,-0.137525972557,-0.0163357094365,0
3,3,2,4,1,0,0,-0.137525972557,-0.0163357094365,0
4,4,2,2,1,1,0,0.0442922092617,0.171164290563,0
2,4,3,4,1,1,0,-0.16782900286,0.0461642905635,0
1,3,3,2,1,1,0,0.104898269868,0.171164290563,0
2,2,3,2,1,0,0,-0.47085930589,-0.203835709437,0
3,3,3,2,1,1,0,-0.349647184678,-0.141335709437,0
2,2,3,1,1,1,0,-0.228435063466,-0.141335709437,0
2,3,3,2,1,0,0,-0.289041124072,-0.0788357094365,0
2,2,3,3,1,1,0,-0.228435063466,-0.141335709437,0
1,2,4,4,1,0,0,0.0745952395647,0.0461642905635,0
3,4,3,2,1,1,0,-0.0163138513444,0.0461642905635,0
2,3,4,2,1,1,0,0.135201300171,0.108664290563,0
3,4,3,3,1,0,0,-0.0466168816474,0.0461642905635,0
3,4,3,4,1,1,0,-0.228435063466,-0.0163357094365,0
3,4,2,4,1,1,0,-0.198132033163,0.0461642905635,0
1,2,2,4,1,0,0,0.195807360777,-0.0788357094365,0
3,3,2,3,1,1,0,-0.349647184678,-0.0788357094365,0
3,2,3,4,1,0,0,0.0745952395647,0.358664290563,0
2,2,3,2,1,1,0,-0.379950214981,-0.141335709437,0
2,3,3,3,1,1,0,0.22611039108,0.108664290563,0
3,3,2,4,0,1,0,0.256413421383,0.233664290563,0
2,4,1,4,1,1,0,0.104898269868,0.296164290563,0
2,4,3,4,0,1,0,0.22611039108,-0.0163357094365,0
4,4,1,4,1,0,0,-0.0163138513444,-0.0163357094365,0
3,4,2,3,1,1,0,-0.258738093769,0.0461642905635,0
3,4,2,4,0,1,0,-0.379950214981,-0.141335709437,0
4,4,1,4,1,0,0,-0.0163138513444,0.0461642905635,0
2,2,3,3,1,0,0,-0.319344154375,-0.0163357094365,0
3,3,2,2,1,0,0,-0.0769199119505,0.0461642905635,0
4,4,1,4,1,0,0,-0.0466168816474,-0.0163357094365,0
3,4,1,4,1,1,0,0.0745952395647,0.108664290563,0
4,4,3,4,1,1,0,0.165504330474,-0.0788357094365,0
4,4,1,4,1,1,0,-0.0466168816474,-0.141335709437,0
4,4,2,4,1,1,0,-0.228435063466,-0.0788357094365,0
4,4,1,4,1,1,0,-0.0769199119505,-0.0788357094365,0
1,2,3,4,1,1,0,-0.319344154375,-0.0788357094365,0
4,4,1,4,1,1,0,-0.0466168816474,-0.0163357094365,0
4,4,3,4,1,1,0,-0.107222942253,-0.0163357094365,0
2,3,3,2,1,0,0,-0.107222942253,-0.0163357094365,0
4,4,3,3,0,0,1,0.165504330474,-0.0163357094365,0
3,4,2,4,1,1,0,-0.319344154375,-0.0788357094365,0
4,4,1,4,1,1,0,0.377625542595,-0.0163357094365,0
3,4,3,2,1,1,0,-0.198132033163,-0.0163357094365,0
4,4,3,4,0,1,0,0.135201300171,-0.0163357094365,0
4,4,2,4,0,1,0,0.104898269868,-0.0163357094365,0
4,4,2,4,1,1,0,0.0139891789586,-0.0788357094365,0
4,4,1,4,1,0,0,-0.0163138513444,-0.0163357094365,0
4,4,1,4,0,0,0,0.0745952395647,0.0461642905635,0
4,4,1,4,1,1,0,-0.228435063466,-0.141335709437,0
4,4,4,4,1,1,0,-0.0466168816474,-0.0163357094365,0
2,3,2,3,1,1,0,-0.228435063466,0.108664290563,0
3,2,2,2,1,1,0,-0.198132033163,0.108664290563,0
2,3,2,3,1,1,0,-0.289041124072,-0.0163357094365,0
3,4,1,4,1,1,0,-0.137525972557,-0.0163357094365,0
3,4,3,4,0,0,0,0.0442922092617,-0.0163357094365,0
3,4,3,4,1,1,0,0.407928572898,0.358664290563,0
4,4,1,4,1,1,0,-0.228435063466,-0.141335709437,0
2,1,3,1,1,0,1,-0.349647184678,-0.0163357094365,0
2,3,3,2,1,0,0,-0.228435063466,0.0461642905635,0
2,3,2,4,1,1,0,-0.137525972557,0.171164290563,0
2,4,1,4,1,1,1,0.104898269868,0.483664290563,0
1,2,3,4,1,0,1,0.407928572898,0.358664290563,0
2,2,3,1,1,0,1,0.0745952395647,0.171164290563,0
3,2,2,3,1,1,0,0.256413421383,0.483664290563,0
2,4,1,1,1,0,0,-0.16782900286,-0.141335709437,0
4,4,3,4,1,0,0,-0.228435063466,-0.203835709437,0
2,2,3,3,1,1,0,-0.289041124072,-0.0788357094365,0
1,1,3,3,1,0,1,0.468534633504,-0.141335709437,0
4,4,1,4,1,0,0,-0.289041124072,-0.203835709437,0
3,4,3,3,1,1,0,-0.0466168816474,-0.0788357094365,0
4,4,3,4,1,1,0,0.498837663807,-0.141335709437,0
2,3,1,4,1,1,0,0.286716451686,-0.0788357094365,0
2,4,3,4,1,1,0,-0.198132033163,-0.0163357094365,0
2,2,3,2,1,1,0,-0.349647184678,-0.141335709437,0
3,4,1,4,1,1,0,-0.107222942253,0.0461642905635,0
1,2,2,3,1,1,0,0.165504330474,0.546164290563,0
4,4,3,2,1,1,0,-0.228435063466,-0.0788357094365,0
4,4,3,2,1,1,0,-0.319344154375,-0.203835709437,0
3,4,3,3,1,1,0,-0.379950214981,-0.203835709437,0
4,4,1,3,1,1,0,0.0745952395647,-0.141335709437,0
2,3,3,3,1,1,0,-0.0163138513444,-0.141335709437,0
2,4,1,3,1,1,0,0.165504330474,-0.0163357094365,0
1,2,1,4,1,1,1,-0.16782900286,0.0461642905635,0
2,4,2,3,1,1,0,0.256413421383,-0.141335709437,0
3,4,1,3,1,0,0,-0.137525972557,-0.203835709437,0
4,4,3,3,1,0,0,-0.289041124072,-0.141335709437,0
4,4,2,4,0,0,0,-0.16782900286,-0.141335709437,0
4,4,1,4,0,1,0,0.0139891789586,-0.0788357094365,0
2,2,3,2,1,0,1,0.195807360777,0.108664290563,0
2,2,2,2,0,1,0,0.256413421383,0.108664290563,0
2,2,1,3,1,1,0,0.22611039108,0.296164290563,0
3,4,3,3,1,1,0,0.317019481989,0.421164290563,0
3,4,2,2,1,0,0,0.0745952395647,0.171164290563,0
3,4,3,4,1,1,0,-0.0163138513444,-0.203835709437,0
2,3,2,3,1,1,0,0.498837663807,0.0461642905635,0
2,2,3,1,1,1,0,0.438231603201,0.0461642905635,0
4,4,2,4,1,1,0,0.286716451686,-0.141335709437,0
4,4,1,4,0,1,0,0.468534633504,0.0461642905635,0
4,4,1,4,1,1,0,0.286716451686,-0.0163357094365,0
4,4,1,4,1,1,0,0.135201300171,-0.0788357094365,0
3,3,2,4,1,0,0,-0.289041124072,-0.141335709437,0
3,4,2,3,1,0,0,-0.258738093769,-0.203835709437,0
2,3,2,3,0,1,0,0.317019481989,-0.0163357094365,0
3,3,3,2,1,0,0,-0.258738093769,-0.0788357094365,0
2,4,3,4,1,0,0,-0.107222942253,-0.203835709437,0
1,1,2,1,0,0,0,0.377625542595,-0.203835709437,0
4,4,2,3,1,0,0,-0.0466168816474,-0.0163357094365,0
1,4,1,2,1,1,0,0.347322512292,0.358664290563,0
2,3,3,1,1,1,0,-0.137525972557,-0.141335709437,0
3,4,2,2,0,1,0,-0.137525972557,-0.141335709437,0
1,2,3,3,1,0,0,0.0139891789586,-0.203835709437,0
4,4,1,3,1,1,0,0.317019481989,0.171164290563,0
3,4,1,3,1,1,0,0.0442922092617,0.0461642905635,0
1,4,2,2,1,1,0,0.104898269868,-0.0788357094365,0
4,4,2,4,1,0,0,-0.319344154375,-0.203835709437,0
2,3,3,3,1,1,1,0.0745952395647,0.296164290563,0
4,4,1,4,1,1,0,-0.228435063466,-0.141335709437,0
1,2,2,2,1,1,1,0.317019481989,0.296164290563,0
1,4,1,4,1,1,1,0.407928572898,0.296164290563,0
3,4,1,3,1,1,0,-0.16782900286,-0.0788357094365,0
1,1,2,3,1,1,0,-0.0769199119505,0.233664290563,0
4,4,3,4,1,1,0,-0.228435063466,-0.141335709437,0
4,4,1,4,1,0,0,0.286716451686,-0.141335709437,0
1,3,3,4,1,1,0,-0.0769199119505,-0.141335709437,0
3,3,2,4,1,1,0,-0.16782900286,0.0461642905635,0
2,3,2,3,1,1,0,0.377625542595,0.483664290563,0
3,4,1,3,1,1,0,-0.107222942253,-0.0788357094365,0
1,4,3,3,1,1,0,0.104898269868,-0.141335709437,0
1,2,3,1,1,1,1,0.498837663807,0.296164290563,0
1,4,2,3,1,1,0,0.438231603201,0.233664290563,0
4,4,2,4,1,1,0,-0.0769199119505,0.0461642905635,0
2,3,3,1,1,1,0,-0.258738093769,-0.0788357094365,0
1,1,2,3,1,1,1,0.468534633504,0.171164290563,0
1,2,2,3,1,1,1,0.438231603201,-0.0788357094365,0
3,4,3,3,1,0,0,-0.258738093769,-0.141335709437,0
3,4,2,3,1,1,0,0.468534633504,0.108664290563,0
1,2,3,3,1,1,1,0.165504330474,0.296164290563,0
3,4,1,3,1,1,0,0.377625542595,-0.203835709437,0
4,4,2,4,0,1,0,0.317019481989,-0.0163357094365,0
1,1,3,1,1,1,1,0.0139891789586,0.108664290563,0
3,4,3,4,1,1,0,0.135201300171,0.233664290563,0
2,1,2,3,1,1,0,0.104898269868,0.171164290563,0
3,4,1,1,1,1,0,-0.228435063466,-0.0163357094365,0
4,4,1,4,0,0,0,0.498837663807,0.171164290563,0
4,4,1,4,1,0,0,-0.0769199119505,-0.141335709437,0
4,4,1,4,1,1,0,0.0745952395647,0.108664290563,0
2,4,3,1,1,1,0,-0.137525972557,-0.203835709437,0
4,2,3,3,1,0,0,-0.0769199119505,-0.203835709437,0
4,4,1,4,1,0,0,-0.16782900286,-0.0788357094365,0
2,4,2,3,1,1,0,0.377625542595,0.296164290563,0
3,1,3,2,1,1,0,0.407928572898,0.108664290563,0
1,4,4,1,1,0,0,-0.137525972557,-0.203835709437,0
2,4,2,2,1,1,0,-0.349647184678,-0.203835709437,0
3,4,3,3,1,1,0,-0.379950214981,-0.0788357094365,0
3,3,3,3,1,1,0,-0.137525972557,0.108664290563,0
3,3,2,2,1,1,0,-0.228435063466,-0.141335709437,0
1,2,2,1,1,1,1,0.165504330474,0.171164290563,0
3,4,3,2,1,1,0,-0.379950214981,-0.141335709437,0
3,4,2,4,1,1,0,-0.258738093769,-0.0788357094365,0
3,1,2,3,1,1,0,0.195807360777,-0.141335709437,0
1,3,4,2,1,1,0,-0.228435063466,-0.141335709437,0
3,4,3,1,1,1,1,-0.289041124072,0.0461642905635,0
4,4,1,3,1,0,0,-0.258738093769,-0.141335709437,0
4,4,1,4,1,1,0,-0.198132033163,-0.0163357094365,0
3,4,3,2,1,1,0,-0.379950214981,-0.0788357094365,0
3,3,3,4,1,0,0,-0.0466168816474,-0.141335709437,0
4,4,2,1,1,1,1,-0.319344154375,-0.203835709437,0
2,3,2,3,1,1,0,0.104898269868,0.171164290563,0
3,4,1,3,1,1,0,0.377625542595,-0.203835709437,0
2,2,2,2,1,1,0,0.438231603201,0.233664290563,0
2,3,2,1,1,1,0,-0.0769199119505,-0.141335709437,0
4,4,1,4,1,1,0,0.0745952395647,-0.0163357094365,0
2,2,2,3,1,0,0,0.0442922092617,0.358664290563,0
4,4,1,3,1,0,0,-0.137525972557,-0.141335709437,0
3,4,3,3,1,1,0,-0.440556275587,-0.141335709437,0
2,3,3,2,1,1,0,-0.228435063466,-0.0788357094365,0
3,4,3,3,1,0,0,-0.16782900286,-0.203835709437,0
4,4,3,4,1,1,0,-0.349647184678,-0.141335709437,0
4,4,1,3,1,1,0,-0.410253245284,-0.141335709437,0
4,4,3,4,1,1,0,-0.198132033163,-0.203835709437,0
4,4,1,4,1,1,0,-0.137525972557,0.108664290563,0
1,3,2,2,1,0,0,0.165504330474,0.0461642905635,0
2,3,3,4,1,1,0,0.195807360777,0.421164290563,0
2,3,3,2,1,1,1,0.377625542595,0.171164290563,0
3,4,2,3,0,1,0,-0.0769199119505,0.0461642905635,0
2,4,3,2,1,1,1,0.438231603201,-0.0788357094365,0
2,2,3,4,1,1,0,0.165504330474,0.171164290563,0
3,3,2,2,1,1,0,0.286716451686,0.108664290563,0
4,4,1,2,1,1,0,-0.0466168816474,-0.0788357094365,0
1,2,3,1,1,1,0,0.347322512292,-0.0788357094365,0
4,4,1,4,1,0,0,0.286716451686,-0.0163357094365,0
4,4,1,3,1,1,0,-0.137525972557,-0.0788357094365,0
2,4,3,4,1,0,0,0.0442922092617,0.171164290563,0
1,3,1,3,1,0,0,0.377625542595,0.233664290563,0
4,4,1,3,1,1,0,0.317019481989,0.108664290563,0
3,4,3,4,1,0,0,-0.137525972557,-0.203835709437,0
3,4,3,3,1,1,0,-0.16782900286,-0.203835709437,0
2,3,4,4,1,0,0,-0.198132033163,-0.141335709437,0
3,4,2,2,0,1,0,-0.198132033163,-0.141335709437,0
3,4,2,4,1,0,0,0.135201300171,0.0461642905635,0
3,4,1,4,1,1,0,0.468534633504,0.483664290563,0
2,3,3,1,1,1,0,0.438231603201,0.546164290563,0
2,4,3,4,1,1,0,-0.319344154375,-0.141335709437,0
4,4,1,4,0,1,0,0.468534633504,-0.141335709437,0
1,3,2,4,1,1,0,0.286716451686,0.546164290563,0
4,4,1,4,1,1,0,-0.0163138513444,-0.0163357094365,0
4,4,1,3,0,0,0,0.0139891789586,-0.0163357094365,0
4,4,1,4,1,0,0,0.377625542595,-0.141335709437,0
2,3,3,4,1,0,1,-0.198132033163,-0.141335709437,0
4,4,1,4,1,1,0,0.377625542595,-0.141335709437,0
3,3,2,4,1,0,0,-0.228435063466,-0.141335709437,0
4,3,3,2,1,0,0,0.104898269868,-0.0163357094365,0
3,3,3,3,1,0,0,-0.0466168816474,-0.0788357094365,0
3,4,3,3,1,1,0,-0.319344154375,-0.0788357094365,0
4,4,1,3,1,1,0,0.407928572898,0.421164290563,0
2,3,3,4,1,1,0,-0.198132033163,-0.0163357094365,0
3,2,3,3,1,0,0,-0.228435063466,-0.141335709437,0
4,4,2,4,0,0,0,-0.379950214981,-0.203835709437,0
3,4,2,4,0,0,0,-0.0466168816474,-0.0163357094365,0
3,3,2,3,0,0,1,0.104898269868,-0.0163357094365,0
3,2,4,4,1,1,0,0.438231603201,0.108664290563,0
3,4,3,4,0,1,0,0.317019481989,-0.0788357094365,0
3,4,3,3,1,1,0,-0.379950214981,-0.203835709437,0
4,4,1,4,1,1,0,-0.258738093769,0.0461642905635,0
2,2,2,4,0,0,0,0.0139891789586,-0.0163357094365,0
3,4,2,4,0,1,0,0.256413421383,-0.0163357094365,0
3,4,2,4,0,1,0,0.468534633504,0.0461642905635,0
4,4,1,4,0,1,0,-0.0163138513444,-0.141335709437,0
3,3,3,2,0,0,1,0.165504330474,0.0461642905635,0
3,4,3,3,1,1,0,0.468534633504,0.296164290563,0
1,3,3,4,1,0,0,0.0442922092617,0.0461642905635,0
1,1,3,2,1,1,0,-0.0466168816474,0.171164290563,0
1,2,3,1,1,1,1,0.407928572898,0.233664290563,0
2,2,3,1,1,1,1,0.377625542595,0.233664290563,0
3,4,3,1,0,1,1,0.0442922092617,0.0461642905635,0
2,4,3,4,1,1,0,-0.501162336193,-0.141335709437,0
3,2,3,1,1,1,0,-0.440556275587,-0.141335709437,0
2,2,3,1,1,1,1,-0.319344154375,-0.141335709437,0
2,2,2,4,1,1,0,-0.0163138513444,-0.0788357094365,0
1,3,2,4,1,0,0,0.256413421383,-0.0163357094365,0
3,3,2,4,1,1,0,-0.319344154375,-0.0788357094365,0
3,2,2,2,1,1,0,-0.289041124072,-0.203835709437,0
3,4,3,4,1,0,0,-0.319344154375,-0.203835709437,0
2,2,2,2,1,1,1,0.22611039108,0.171164290563,0
3,4,2,3,0,1,0,-0.107222942253,-0.141335709437,0
4,4,3,4,0,0,0,0.286716451686,-0.203835709437,0
3,4,3,4,1,1,0,-0.107222942253,-0.0788357094365,0
3,2,3,4,1,1,0,-0.0466168816474,-0.141335709437,0
4,4,1,4,0,0,0,-0.137525972557,-0.0163357094365,0
2,3,3,4,1,1,0,-0.349647184678,-0.203835709437,0
4,4,1,3,1,1,0,-0.198132033163,-0.0788357094365,0
3,4,3,4,1,1,0,0.135201300171,-0.203835709437,0
3,4,2,2,1,1,0,-0.258738093769,-0.0788357094365,0
4,4,2,4,0,1,0,-0.228435063466,-0.203835709437,0
2,1,2,2,1,1,0,-0.319344154375,-0.203835709437,0
4,4,1,4,1,1,0,0.377625542595,-0.141335709437,0
4,4,1,4,1,1,0,0.438231603201,-0.141335709437,0
4,4,3,4,1,0,0,-0.137525972557,0.108664290563,0
2,2,3,4,1,1,0,-0.258738093769,0.0461642905635,0
3,3,2,3,1,1,0,0.0442922092617,0.171164290563,0
2,3,1,1,1,1,0,0.438231603201,0.108664290563,0
3,4,1,4,1,1,0,-0.0466168816474,-0.0788357094365,0
1,3,3,1,1,1,0,-0.198132033163,-0.141335709437,0
4,4,1,2,1,1,0,-0.228435063466,-0.0163357094365,0
1,1,2,2,1,1,0,0.438231603201,0.0461642905635,0
1,1,1,1,1,1,1,0.468534633504,0.296164290563,0
2,2,3,2,1,1,0,0.165504330474,0.421164290563,0
1,3,2,2,1,1,1,-0.0163138513444,0.0461642905635,0
1,2,2,4,1,1,0,0.438231603201,-0.0788357094365,0
4,4,1,4,1,1,0,-0.16782900286,-0.0163357094365,0
1,1,3,2,1,1,0,0.22611039108,-0.203835709437,0
4,4,1,4,1,1,0,0.407928572898,0.171164290563,0
3,3,3,4,1,1,0,0.0139891789586,-0.0163357094365,0
1,2,2,2,1,0,1,0.498837663807,0.108664290563,0
2,4,3,2,1,1,0,-0.349647184678,-0.0163357094365,0
4,4,2,4,0,0,0,-0.0466168816474,-0.203835709437,0
4,4,3,4,1,1,0,0.286716451686,0.0461642905635,1
4,4,1,4,1,1,0,0.0745952395647,-0.0163357094365,1
4,4,3,3,1,1,0,-0.0466168816474,0.0461642905635,1
4,4,1,3,1,1,0,0.286716451686,0.171164290563,1
3,4,3,4,1,1,0,0.498837663807,0.0461642905635,1
4,4,1,3,1,1,0,-0.349647184678,-0.141335709437,1
3,4,1,4,1,1,0,-0.137525972557,-0.0163357094365,1
4,4,1,3,1,1,0,-0.319344154375,-0.141335709437,1
4,4,1,4,1,0,0,0.104898269868,-0.0163357094365,1
2,2,3,3,1,1,0,0.377625542595,0.358664290563,1
4,4,1,4,1,1,0,0.22611039108,0.0461642905635,1
2,2,3,4,1,1,0,-0.0769199119505,0.233664290563,1
4,4,1,4,1,0,0,0.0745952395647,0.108664290563,1
2,4,1,4,1,1,0,-0.198132033163,-0.0788357094365,1
4,4,1,4,1,1,0,0.377625542595,-0.0163357094365,1
3,3,3,4,1,1,0,-0.16782900286,-0.0788357094365,1
4,4,1,2,1,1,0,-0.0163138513444,0.0461642905635,1
4,4,1,3,1,1,0,-0.16782900286,-0.0163357094365,1
4,4,1,4,0,1,0,-0.137525972557,-0.0788357094365,1
4,4,2,1,1,1,0,-0.0769199119505,-0.0163357094365,1
4,4,2,4,1,1,0,0.0442922092617,0.0461642905635,1
3,4,2,3,1,1,0,-0.198132033163,-0.0163357094365,1
1,4,1,3,1,1,0,0.347322512292,-0.0788357094365,1
4,4,1,4,1,1,0,-0.107222942253,-0.0163357094365,1
3,4,3,3,1,1,0,-0.198132033163,-0.0788357094365,1
4,4,1,4,1,1,0,0.256413421383,0.296164290563,1
3,3,3,3,1,0,0,-0.0163138513444,0.0461642905635,1
3,1,3,3,1,0,0,-0.289041124072,-0.141335709437,1
2,3,1,2,1,1,0,0.165504330474,0.0461642905635,1
4,4,2,2,1,0,0,-0.319344154375,-0.141335709437,1
3,4,1,4,0,1,0,0.0442922092617,-0.0163357094365,1
3,4,2,3,0,1,0,0.165504330474,0.233664290563,1
4,4,1,4,1,1,0,-0.349647184678,-0.141335709437,1
1,3,1,4,1,1,0,0.317019481989,0.0461642905635,1
3,3,1,1,1,1,0,0.347322512292,0.358664290563,1
4,4,2,4,1,1,0,-0.258738093769,-0.141335709437,1
4,4,3,3,1,0,0,-0.16782900286,-0.141335709437,1
3,4,3,3,1,1,0,0.0442922092617,0.0461642905635,1
3,4,1,4,1,1,0,-0.107222942253,-0.0788357094365,1
4,4,2,3,1,0,0,-0.198132033163,-0.141335709437,1
4,4,1,4,1,1,0,0.135201300171,0.233664290563,1
3,4,1,4,1,1,0,-0.349647184678,-0.0163357094365,1
4,4,2,4,0,1,0,0.438231603201,0.0461642905635,1
4,4,2,3,1,0,0,0.256413421383,-0.0163357094365,1
3,4,1,3,1,1,0,-0.107222942253,-0.0163357094365,1
4,4,1,4,1,0,0,-0.228435063466,-0.141335709437,1
4,4,1,3,0,0,0,0.0139891789586,-0.0788357094365,1
4,4,1,4,0,1,0,-0.289041124072,-0.141335709437,1
4,4,2,3,1,1,0,-0.0163138513444,0.0461642905635,1
4,4,1,4,1,1,0,0.377625542595,-0.0163357094365,1
4,4,1,4,1,1,0,0.135201300171,0.0461642905635,1
2,4,3,2,0,1,0,0.0745952395647,0.0461642905635,1
4,4,3,4,1,1,0,0.135201300171,-0.0163357094365,1
4,4,2,4,1,1,0,0.0745952395647,0.108664290563,1
4,4,3,3,1,1,0,-0.289041124072,-0.141335709437,1
2,2,2,2,1,1,0,0.165504330474,0.296164290563,1
4,4,2,4,0,0,0,0.256413421383,0.0461642905635,1
1,2,3,1,1,0,0,0.0745952395647,0.358664290563,1
4,4,3,2,1,1,0,-0.107222942253,-0.0163357094365,1
3,3,1,3,1,1,0,-0.198132033163,-0.0788357094365,1
3,3,3,3,1,1,0,-0.319344154375,-0.0788357094365,1
2,3,3,1,1,1,1,-0.0769199119505,0.108664290563,1
4,4,3,3,1,1,0,0.104898269868,-0.0163357094365,1
3,4,1,4,1,1,0,-0.198132033163,-0.0163357094365,1
4,4,3,4,1,0,0,-0.0163138513444,-0.0788357094365,1
4,4,2,4,0,1,0,0.195807360777,-0.0163357094365,1
3,4,1,3,1,1,0,-0.107222942253,-0.0163357094365,1
4,4,1,3,1,1,0,0.22611039108,0.108664290563,1
3,3,3,2,1,0,0,0.317019481989,0.171164290563,1
3,4,3,2,1,1,0,0.347322512292,0.171164290563,1
4,4,2,4,1,1,0,-0.258738093769,-0.0788357094365,1
4,4,1,4,1,0,0,0.286716451686,-0.0163357094365,1
3,4,1,4,1,1,0,0.0139891789586,-0.0788357094365,1
4,4,2,3,0,1,0,-0.258738093769,-0.141335709437,1
3,4,2,3,0,1,0,-0.137525972557,-0.0788357094365,1
2,1,2,2,1,0,0,-0.0163138513444,0.108664290563,1
2,2,3,4,1,1,0,-0.198132033163,0.0461642905635,1
4,4,1,4,1,1,0,-0.16782900286,-0.141335709437,1
3,4,2,4,0,1,0,0.256413421383,-0.0163357094365,1
3,4,3,3,0,1,0,-0.137525972557,-0.0788357094365,1
4,4,3,4,1,0,0,-0.289041124072,-0.141335709437,1
2,2,4,3,1,1,1,-0.0466168816474,0.0461642905635,1
4,4,2,4,0,1,0,0.0139891789586,-0.0163357094365,1
4,4,1,4,1,1,0,0.0745952395647,0.108664290563,1
3,4,3,4,1,1,0,0.195807360777,0.108664290563,1
4,4,1,3,1,1,0,-0.16782900286,-0.0788357094365,1
4,4,1,4,0,1,0,0.468534633504,-0.0163357094365,1
3,1,3,4,1,0,0,-0.228435063466,-0.0788357094365,1
4,4,2,4,1,1,0,0.165504330474,0.0461642905635,1
4,4,1,4,1,0,0,0.468534633504,0.233664290563,1
4,4,3,3,1,0,0,0.0442922092617,0.0461642905635,1
3,3,1,3,1,1,0,0.104898269868,0.0461642905635,1
4,4,3,4,1,0,0,0.0442922092617,-0.0163357094365,1
4,4,2,4,0,0,0,0.286716451686,0.0461642905635,1
3,3,1,3,0,1,0,0.377625542595,0.108664290563,1
4,4,2,4,0,1,0,0.135201300171,0.0461642905635,1
4,4,2,4,0,0,0,0.165504330474,-0.0163357094365,1
3,3,3,4,0,1,0,0.286716451686,0.0461642905635,1
2,4,2,3,0,1,0,0.286716451686,0.108664290563,1
4,4,1,4,1,1,0,0.256413421383,0.171164290563,1
4,4,1,4,0,1,0,0.317019481989,0.108664290563,1
4,4,3,2,0,0,0,0.0442922092617,-0.0788357094365,1
2,3,2,4,0,1,0,0.347322512292,-0.141335709437,1
4,4,1,4,0,1,0,0.256413421383,0.0461642905635,1
4,4,1,4,1,1,0,0.104898269868,-0.0163357094365,1
1,2,3,4,1,1,0,0.0442922092617,0.108664290563,1
3,2,3,3,1,1,0,-0.0163138513444,0.108664290563,0
3,3,1,4,1,1,0,0.0442922092617,0.171164290563,0
4,4,3,3,1,0,0,-0.258738093769,-0.0788357094365,0
3,3,3,2,0,1,0,-0.349647184678,-0.141335709437,0
4,3,3,3,1,1,0,0.165504330474,0.358664290563,0
4,4,1,4,1,0,0,0.195807360777,-0.0163357094365,0
2,2,2,2,1,0,1,0.0745952395647,0.171164290563,0
2,3,3,3,1,1,0,-0.0769199119505,0.233664290563,0
3,4,3,3,1,1,0,-0.47085930589,-0.141335709437,0
2,4,3,4,1,1,0,-0.0163138513444,-0.0163357094365,0
4,4,1,4,0,1,0,0.317019481989,0.108664290563,0
2,2,3,3,1,1,0,-0.0466168816474,0.0461642905635,0
1,2,3,2,1,1,0,-0.258738093769,-0.0163357094365,0
2,4,1,3,1,1,0,-0.198132033163,-0.0163357094365,0
3,4,1,4,1,0,0,0.0745952395647,0.0461642905635,0
3,4,3,4,1,0,0,0.407928572898,0.0461642905635,0
2,3,3,3,1,1,0,-0.107222942253,-0.0163357094365,0
3,4,3,4,1,0,0,-0.349647184678,-0.141335709437,0
4,4,1,4,1,0,0,-0.0466168816474,0.108664290563,0
4,4,3,3,1,1,0,-0.258738093769,-0.0788357094365,0
2,4,3,3,1,1,0,-0.258738093769,-0.0163357094365,0
4,4,1,3,1,1,0,0.104898269868,0.0461642905635,0
2,3,3,3,1,1,0,0.135201300171,0.358664290563,0
3,3,3,3,1,1,0,0.135201300171,0.171164290563,0
3,3,1,2,1,1,0,0.135201300171,0.483664290563,0
4,4,2,3,0,1,0,0.347322512292,0.0461642905635,0
2,3,2,3,1,1,0,0.0745952395647,0.171164290563,0
4,4,3,3,1,1,0,-0.228435063466,-0.0163357094365,0
4,4,2,3,1,1,0,-0.349647184678,-0.0788357094365,0
1,2,3,2,1,1,0,-0.258738093769,-0.0163357094365,0
2,3,3,1,1,1,0,-0.501162336193,-0.141335709437,0
3,2,3,1,1,1,1,-0.349647184678,-0.141335709437,0
2,4,2,4,1,1,0,-0.228435063466,-0.0788357094365,0
4,4,2,4,1,0,0,-0.198132033163,-0.141335709437,0
4,4,1,4,1,1,0,0.317019481989,-0.0788357094365,0
4,4,1,4,1,1,0,-0.258738093769,-0.141335709437,0
3,4,3,3,0,1,0,-0.0769199119505,-0.0163357094365,0
2,3,3,3,1,1,0,-0.0769199119505,-0.0163357094365,0
4,4,3,3,1,1,0,-0.198132033163,-0.0788357094365,0
2,4,3,2,1,1,0,-0.107222942253,0.0461642905635,0
3,4,3,1,1,1,0,-0.258738093769,0.0461642905635,0
3,3,3,2,1,1,0,-0.107222942253,-0.0788357094365,0
1,2,3,3,1,1,0,-0.107222942253,-0.141335709437,0
4,4,2,4,1,1,0,-0.319344154375,-0.141335709437,0
3,3,3,2,1,0,0,-0.0769199119505,0.0461642905635,0
4,4,2,3,1,1,0,-0.258738093769,-0.141335709437,0
4,4,1,2,1,1,0,-0.228435063466,-0.0788357094365,0
4,4,1,4,1,0,0,0.347322512292,0.108664290563,0
2,3,2,4,1,1,0,-0.137525972557,-0.0163357094365,0
3,3,3,2,1,1,0,-0.319344154375,-0.141335709437,0
2,2,2,3,1,0,0,-0.0769199119505,0.171164290563,0
3,4,2,4,1,1,0,-0.228435063466,-0.0163357094365,0
4,4,3,3,1,1,0,-0.228435063466,-0.0788357094365,0
4,4,1,4,1,0,0,0.0139891789586,-0.0788357094365,0
3,3,2,3,1,0,0,0.0139891789586,0.0461642905635,0
3,3,2,2,1,0,0,-0.198132033163,-0.0788357094365,0
3,4,3,3,1,1,0,-0.107222942253,0.108664290563,0
3,3,2,1,1,1,0,-0.0163138513444,0.0461642905635,0
4,4,3,2,1,0,0,-0.0769199119505,-0.141335709437,0
4,4,1,4,0,1,0,0.135201300171,-0.141335709437,0
1,2,3,3,1,1,0,-0.0466168816474,0.0461642905635,0
1,2,3,1,1,1,1,0.104898269868,0.0461642905635,0
2,2,2,2,1,0,1,0.104898269868,0.233664290563,0
3,4,2,4,1,0,0,-0.198132033163,-0.0788357094365,0
4,4,1,4,1,1,0,0.104898269868,-0.0163357094365,0
4,4,2,4,1,1,0,-0.137525972557,-0.141335709437,0
4,4,3,3,1,1,0,0.0139891789586,0.108664290563,0
3,4,2,4,1,0,0,-0.228435063466,-0.0788357094365,0
4,4,1,4,0,1,0,-0.0466168816474,-0.0788357094365,0
4,4,1,4,1,0,0,0.165504330474,0.0461642905635,0
1,2,3,3,1,1,0,0.0745952395647,0.108664290563,0
4,4,2,4,0,0,0,0.0139891789586,-0.0163357094365,0
2,2,3,2,1,1,0,-0.0769199119505,-0.0788357094365,0
3,3,2,2,1,1,1,-0.379950214981,-0.0788357094365,0
3,3,2,2,1,1,0,-0.440556275587,-0.141335709437,0
3,2,3,3,1,1,0,-0.0769199119505,-0.0163357094365,0
2,3,3,2,1,0,0,0.0745952395647,0.171164290563,0
3,3,3,1,1,1,0,-0.319344154375,-0.0788357094365,0
2,4,3,3,1,1,0,-0.137525972557,0.233664290563,0
3,3,3,1,1,1,0,-0.349647184678,-0.141335709437,0
3,4,3,4,1,1,0,-0.16782900286,0.0461642905635,0
3,4,3,3,1,1,0,-0.0769199119505,-0.0163357094365,0
3,4,3,3,1,1,0,-0.228435063466,-0.0788357094365,0
4,4,3,2,1,1,0,-0.198132033163,-0.0163357094365,0
2,4,1,4,1,1,0,0.135201300171,0.108664290563,0
1,3,3,3,1,0,0,0.438231603201,0.358664290563,0
1,1,3,3,1,1,0,0.104898269868,0.108664290563,0
2,3,2,4,1,1,0,0.104898269868,0.171164290563,0
4,4,2,4,1,1,0,0.104898269868,-0.0163357094365,0
4,4,3,4,1,1,0,-0.137525972557,0.0461642905635,0
4,4,3,3,1,1,0,-0.349647184678,-0.0788357094365,0
4,4,2,3,1,1,0,-0.228435063466,-0.0788357094365,0
3,4,3,4,1,1,0,-0.0769199119505,-0.0163357094365,0
3,3,3,3,1,1,0,-0.319344154375,-0.0163357094365,0
4,3,2,3,1,0,0,-0.289041124072,-0.0788357094365,0
3,4,3,4,1,1,0,0.104898269868,0.358664290563,0
4,3,3,2,1,1,0,-0.137525972557,-0.0788357094365,0
2,2,2,4,1,1,0,0.407928572898,0.108664290563,0
4,4,3,2,1,1,0,0.438231603201,0.108664290563,0
1,4,2,4,1,0,0,0.256413421383,0.108664290563,0
4,4,3,4,1,1,0,0.347322512292,0.108664290563,0
2,3,3,2,0,1,1,0.0442922092617,-0.0163357094365,0
2,3,3,4,1,1,0,0.135201300171,0.171164290563,0
4,4,1,4,0,1,0,0.0442922092617,-0.0788357094365,0
2,4,3,2,1,1,0,-0.319344154375,-0.0788357094365,0
2,3,2,3,1,1,0,0.0139891789586,0.0461642905635,0
3,4,3,1,1,1,0,-0.349647184678,-0.0163357094365,0
4,4,3,4,1,0,0,-0.0466168816474,0.0461642905635,0
4,3,3,4,1,0,0,0.256413421383,0.108664290563,0
4,3,3,3,1,1,0,-0.0769199119505,0.0461642905635,0
2,4,3,4,1,1,0,-0.0163138513444,0.108664290563,0
4,4,2,4,0,0,0,-0.16782900286,-0.0788357094365,0
4,4,2,4,0,0,0,-0.198132033163,-0.141335709437,0
4,4,2,4,0,1,0,0.286716451686,0.108664290563,0
4,4,1,3,1,1,0,-0.258738093769,-0.141335709437,0
4,4,1,4,1,1,0,0.135201300171,0.171164290563,0
2,3,3,4,1,0,0,-0.0769199119505,0.108664290563,0
4,4,1,4,1,1,0,-0.16782900286,-0.141335709437,0
2,4,3,3,1,1,0,0.0442922092617,0.171164290563,0
3,4,1,4,0,1,0,-0.0163138513444,0.108664290563,0
4,4,2,4,0,0,0,-0.137525972557,-0.141335709437,0
3,3,2,4,0,0,0,-0.107222942253,-0.141335709437,0
4,4,2,4,0,1,0,0.286716451686,-0.0163357094365,0
2,2,4,4,0,1,0,-0.349647184678,-0.203835709437,0
4,4,3,4,1,1,0,-0.319344154375,-0.0788357094365,0
4,4,3,4,0,1,0,0.104898269868,-0.0163357094365,0
2,3,2,4,0,0,0,0.377625542595,-0.0163357094365,0
4,4,2,4,0,0,0,0.0442922092617,-0.0788357094365,0
2,3,3,3,1,1,0,0.0745952395647,0.108664290563,0
4,4,2,3,1,1,0,-0.410253245284,-0.141335709437,0
4,4,3,3,1,1,0,-0.16782900286,0.0461642905635,0
2,4,2,3,1,0,0,0.135201300171,0.0461642905635,0
3,2,3,4,1,1,0,-0.198132033163,0.0461642905635,0
1,3,3,4,1,1,0,-0.137525972557,0.108664290563,0
3,4,1,4,1,1,0,-0.0466168816474,0.108664290563,0
2,2,2,3,1,1,0,-0.0163138513444,0.171164290563,0
2,2,2,4,0,0,0,0.22611039108,0.0461642905635,0
3,3,2,4,1,1,0,-0.16782900286,0.108664290563,0
2,2,2,2,1,1,1,-0.16782900286,-0.0163357094365,0
4,4,2,4,0,0,0,0.135201300171,0.108664290563,0
4,3,2,2,1,1,0,-0.319344154375,-0.141335709437,0
4,4,1,2,1,1,1,-0.16782900286,0.0461642905635,0
4,4,2,4,0,1,0,-0.349647184678,-0.141335709437,0
1,3,3,4,1,1,0,-0.0769199119505,-0.0788357094365,0
2,2,2,4,1,1,0,-0.289041124072,-0.141335709437,0
2,4,1,3,1,1,0,-0.228435063466,-0.0163357094365,0
2,4,2,4,1,1,0,0.286716451686,0.171164290563,0
4,4,1,4,1,1,0,-0.107222942253,-0.0163357094365,0
4,4,2,4,1,0,0,0.0139891789586,-0.0788357094365,0
4,4,1,4,1,1,0,0.0139891789586,-0.0163357094365,0
3,3,1,4,1,0,0,0.195807360777,0.296164290563,0
3,3,2,2,1,0,0,0.0139891789586,0.0461642905635,0
3,3,2,4,1,1,0,-0.47085930589,-0.141335709437,0
