2,2,0,3,0,0,0,0,1,0,0,0,0,0,3,2,0,0,0,0,0,0,0,0,0,0,3,0,0,0,1,0,0,0.24938547486,0
3,3,3,2,1,0,0,0,1,1,0,0,1,0,1,2,0,2,2,2,2,2,1,0,0,0,0,0,0,0,1,0,1,-0.377281191806,0
2,1,2,3,1,3,0,3,0,0,1,0,0,0,1,2,0,2,0,0,0,0,0,2,0,2,3,2,0,0,2,3,0,-0.137281191806,0
2,2,2,0,0,0,0,0,3,2,0,0,3,0,0,2,0,3,2,2,2,2,0,0,3,0,0,0,0,0,3,0,0,0.0493854748603,0
2,3,2,2,2,2,0,2,0,0,1,0,0,0,1,2,0,0,0,0,0,0,0,2,2,3,2,3,0,0,2,3,0,0.116052141527,0
2,3,2,0,0,0,0,0,0,0,0,2,1,0,2,2,0,2,0,0,0,1,0,0,0,0,2,0,0,0,1,0,0,0.0627188081937,0
2,1,0,2,0,0,0,0,0,0,0,0,0,3,1,3,0,0,0,2,0,0,0,0,0,0,0,0,0,0,2,0,0,-0.243947858473,0
2,2,3,3,3,3,0,2,0,0,2,0,0,0,2,3,0,0,0,0,0,0,0,0,2,2,3,2,0,0,3,3,0,0.276052141527,0
2,2,1,0,2,0,0,0,0,0,0,0,0,0,2,1,0,1,0,0,0,0,0,0,0,0,2,0,0,0,2,0,0,-0.19061452514,1
2,2,1,0,1,0,0,0,0,0,0,0,0,0,3,2,0,2,0,0,0,0,0,0,0,0,2,0,0,0,2,0,0,-0.083947858473,1
3,3,2,1,1,0,0,0,2,2,0,0,0,0,0,3,2,3,2,2,2,1,1,0,0,0,0,0,0,0,1,0,1,-0.217281191806,0
2,2,0,3,0,0,0,0,0,0,0,0,2,0,2,2,0,0,0,0,0,1,0,0,0,0,3,0,0,0,1,0,0,-0.203947858473,0
3,3,1,2,0,0,0,0,0,1,0,0,2,0,3,1,0,1,0,0,0,0,0,0,0,0,2,0,0,0,1,0,0,-0.19061452514,0
2,3,3,0,0,0,0,0,1,1,0,0,1,0,0,2,1,2,1,2,3,0,2,0,0,0,0,0,0,0,2,0,1,-0.35061452514,0
2,2,3,3,0,3,0,2,0,0,2,0,0,0,1,1,1,1,0,0,0,0,0,2,0,3,0,3,0,0,1,3,0,0.382718808194,0
1,1,0,1,3,0,0,0,0,0,0,0,0,0,1,1,0,1,0,0,0,0,0,0,0,0,2,0,0,0,2,0,0,0.0493854748603,1
2,2,1,3,0,0,0,0,0,0,0,0,2,0,2,1,0,1,0,0,0,0,0,0,0,0,0,0,0,0,1,0,0,-0.083947858473,0
3,3,3,0,0,0,0,0,3,3,0,0,2,0,0,2,0,2,3,3,3,2,3,0,3,0,0,0,0,0,2,0,1,0.0227188081937,0
2,1,3,3,3,3,0,0,2,0,3,0,0,0,3,2,0,1,0,0,0,0,0,3,0,2,0,3,0,0,2,3,0,-0.177281191806,0
1,1,0,3,0,0,0,0,0,0,0,0,0,3,0,3,2,2,0,3,0,0,0,0,0,0,1,0,0,0,2,0,0,-0.257281191806,0
2,1,1,2,0,0,3,0,1,2,0,0,1,0,0,1,2,2,0,1,0,1,0,0,0,0,0,0,1,2,1,0,0,-0.377281191806,0
3,2,2,0,0,0,0,0,0,0,0,0,2,0,2,2,1,2,0,2,1,2,0,0,0,0,3,0,0,0,2,0,0,0.196052141527,0
2,2,0,2,0,0,0,0,0,0,0,0,0,1,1,3,1,2,0,2,1,0,0,0,0,0,1,0,1,0,2,0,0,0.076052141527,0
2,2,2,3,2,2,0,2,0,0,3,2,0,0,0,2,1,1,0,0,0,0,0,3,0,3,0,2,0,0,2,3,0,0.102718808194,0
2,0,0,3,0,0,0,0,0,0,0,0,0,2,2,2,0,0,0,3,0,0,0,0,0,0,0,0,0,0,2,0,0,-0.19061452514,0
2,1,1,0,1,0,0,0,2,0,0,0,0,0,0,2,2,2,2,2,2,1,2,0,2,0,0,0,0,0,2,0,0,-0.043947858473,0
1,1,0,1,0,0,3,0,1,0,0,0,1,0,0,1,1,1,0,0,0,0,0,1,0,0,1,0,2,2,1,0,0,-0.35061452514,0
1,2,2,3,0,0,0,0,0,0,0,0,0,1,1,2,1,1,0,3,0,0,0,0,0,0,1,0,0,0,3,0,0,-0.257281191806,0
3,2,2,2,0,0,0,0,0,0,0,0,2,0,3,3,3,2,0,0,0,0,0,0,0,0,2,0,1,1,2,0,0,0.0893854748603,0
1,1,2,3,2,2,0,3,0,0,2,0,0,0,2,2,1,2,0,0,0,0,0,3,0,3,0,3,1,0,2,3,0,0.182718808194,0
3,2,1,2,0,0,0,0,1,2,0,0,1,0,0,2,0,3,2,2,2,1,2,0,2,0,0,0,0,0,1,0,0,0.182718808194,0
3,2,0,2,0,0,0,0,0,0,0,1,2,0,2,1,1,1,0,0,0,1,0,0,0,0,0,0,0,0,1,0,0,-0.35061452514,0
2,3,3,3,3,0,0,0,3,3,0,0,0,0,0,3,2,2,3,3,3,1,3,0,0,0,0,0,0,0,1,0,0,-0.0306145251397,0
2,2,1,0,0,0,0,0,1,0,0,0,2,0,0,2,1,2,2,1,2,0,1,0,0,0,0,0,0,0,0,0,1,0.0,0
2,1,0,0,2,0,0,0,0,0,0,0,0,0,2,1,1,1,0,0,0,0,0,0,0,0,0,0,0,0,0,0,0,0.0,1
2,2,1,2,0,0,0,0,0,0,0,0,2,0,1,0,1,0,0,0,0,0,0,0,0,0,0,0,0,0,0,0,0,0.0,0
2,1,2,3,2,3,0,2,0,0,1,0,0,0,2,1,1,2,0,0,0,0,0,1,0,2,0,2,0,0,0,3,1,0.0,0
2,1,1,1,0,0,0,0,0,0,0,0,1,0,3,2,1,0,0,0,0,2,0,0,0,0,2,0,0,0,1,0,0,-0.283947858473,0
2,1,2,3,2,1,0,2,0,0,0,0,0,0,2,2,2,1,0,0,0,0,0,2,0,1,0,3,0,0,2,3,0,-0.137281191806,0
3,3,2,0,0,0,0,0,2,2,0,0,1,0,0,2,2,3,2,2,1,0,2,0,0,0,0,0,0,0,1,0,1,0.12938547486,0
1,1,1,0,0,0,1,0,0,0,0,1,1,0,2,1,1,1,0,0,0,0,0,0,0,0,3,0,0,0,1,0,0,0.196052141527,0
1,1,1,0,0,0,0,0,0,0,0,0,1,0,1,1,0,1,0,0,0,0,0,0,0,0,2,0,0,0,2,0,0,0.342718808194,1
3,2,1,1,0,0,0,0,2,1,0,0,0,0,0,2,1,1,1,1,1,0,1,0,0,0,0,0,0,0,1,0,0,-0.283947858473,0
2,1,1,0,0,0,0,0,1,0,0,0,1,0,1,1,0,1,0,0,0,0,0,0,0,0,2,0,0,0,2,0,0,-0.0172811918063,0
0,1,0,3,0,0,0,0,0,0,0,0,0,2,0,2,2,0,0,0,0,0,0,0,0,0,0,0,0,0,1,0,0,-0.083947858473,0
2,1,1,1,1,2,0,1,0,0,2,0,0,0,3,2,1,1,0,0,0,0,0,2,0,2,0,2,0,0,3,3,0,0.156052141527,0
2,1,1,3,3,0,0,0,0,0,0,0,0,0,2,2,1,1,0,0,0,0,0,0,0,0,1,0,0,0,2,0,0,0.12938547486,1
2,1,1,1,0,0,2,0,3,2,0,0,1,0,1,1,1,1,0,0,0,0,0,0,0,0,0,0,0,1,1,1,0,-0.323947858473,0
1,2,1,1,0,0,0,0,0,1,0,0,0,0,2,1,0,1,0,0,0,0,0,0,0,0,2,0,0,0,0,2,0,0.20938547486,0
2,0,1,0,0,2,0,1,0,0,3,0,0,0,2,2,2,2,0,0,0,0,0,1,0,3,0,2,0,0,2,2,0,0.316052141527,0
3,1,1,2,2,2,0,0,0,0,2,0,0,0,2,1,0,1,0,0,0,0,0,1,0,2,0,3,0,0,2,3,0,-0.0572811918063,0
1,1,1,0,2,0,0,0,0,0,0,0,1,0,1,1,1,1,0,0,0,0,1,0,0,0,0,1,0,0,1,0,0,-0.0172811918063,1
2,2,1,0,0,0,0,0,2,2,0,0,1,0,0,2,1,1,1,2,2,1,2,0,0,0,0,0,0,0,1,0,0,0.0627188081937,0
3,1,1,1,1,0,0,0,0,1,0,0,0,0,0,1,0,2,2,2,3,0,3,0,0,0,0,0,0,0,2,0,1,0.156052141527,0
0,1,0,2,0,0,0,0,0,0,0,0,0,3,1,2,1,0,0,1,0,0,0,0,0,0,0,0,0,0,3,0,0,0.196052141527,0
2,2,2,0,0,0,0,0,0,1,0,0,0,0,1,2,0,2,1,3,2,0,1,0,0,0,0,0,0,0,1,0,0,-0.23061452514,0
1,1,1,2,0,0,0,0,0,0,0,1,1,0,3,1,0,0,0,0,0,0,0,0,0,0,2,0,0,0,2,0,0,-0.19061452514,0
2,1,1,3,0,3,0,1,0,0,1,0,0,0,2,2,0,1,0,0,0,0,0,1,0,3,0,1,0,0,2,2,0,-0.0972811918063,0
1,1,1,0,0,0,0,0,0,0,0,0,0,0,1,1,0,1,0,0,0,0,0,0,1,0,1,0,0,0,1,0,0,-0.15061452514,1
3,3,0,3,0,0,0,0,0,0,0,1,1,0,3,1,0,0,0,0,0,0,0,0,0,0,3,0,0,0,2,0,0,-0.043947858473,0
2,2,1,1,0,0,1,0,1,1,0,0,0,0,1,2,1,1,1,1,0,0,0,0,0,0,1,0,1,1,1,0,1,-0.377281191806,0
2,1,1,0,0,0,0,0,1,1,0,0,1,0,0,2,2,2,2,2,2,0,1,0,1,0,0,0,0,0,1,0,1,0.0493854748603,0
1,1,0,1,0,0,0,0,0,0,0,0,0,2,1,3,0,2,0,2,0,0,0,0,0,0,0,0,0,0,1,0,0,-0.043947858473,0
3,3,2,1,1,0,0,0,2,2,0,0,0,0,0,3,2,3,2,2,2,1,1,0,0,0,0,0,0,0,1,0,1,0.076052141527,0
2,2,0,3,0,0,0,0,0,0,0,0,2,0,3,1,0,1,0,0,0,0,0,0,0,0,2,0,0,0,2,0,0,-0.003947858473,0
3,2,2,2,0,2,0,1,0,0,2,0,0,0,1,1,1,1,0,0,0,0,0,2,0,2,0,2,0,0,1,3,0,0.316052141527,0
2,2,2,0,0,0,0,0,2,2,0,0,1,0,0,2,0,2,3,3,3,1,3,0,3,0,0,0,0,0,3,0,0,-0.003947858473,0
1,1,0,1,3,0,0,0,0,0,0,0,0,0,1,1,0,1,0,0,0,0,0,0,0,0,2,0,0,0,2,0,0,-0.203947858473,1
3,3,3,2,0,0,0,0,0,0,0,0,0,3,2,2,2,2,0,2,0,0,0,0,0,0,0,0,0,0,3,0,0,0.0493854748603,0
3,3,3,0,1,0,0,0,2,0,0,0,0,0,1,1,2,2,2,2,2,0,0,0,0,0,0,0,0,0,2,0,0,-0.203947858473,0
2,2,2,1,0,0,0,0,0,0,0,0,1,0,1,2,0,0,0,0,0,0,0,0,0,0,2,0,0,0,1,0,0,-0.0306145251397,0
2,1,2,0,0,0,3,0,3,0,0,0,0,0,2,2,1,2,0,0,0,0,0,0,0,0,0,0,3,3,0,0,0,-0.31061452514,0
1,1,1,1,1,0,0,1,0,0,2,0,0,0,3,1,0,1,0,0,0,0,0,2,0,2,0,2,0,0,2,3,0,0.20938547486,0
1,1,1,1,0,0,0,0,0,0,0,0,0,1,1,1,1,2,0,1,0,0,0,0,0,0,0,0,0,0,2,0,0,0.156052141527,0
2,1,2,2,1,0,0,0,0,0,0,0,0,0,2,0,0,1,0,0,0,0,0,0,0,0,2,0,0,0,1,0,0,-0.257281191806,1
3,2,1,2,0,0,0,0,0,0,0,0,2,0,2,1,0,2,0,0,0,0,0,0,0,0,2,0,0,0,2,0,0,-0.15061452514,0
2,2,2,1,0,0,0,0,0,0,0,0,2,0,1,2,0,3,0,0,0,0,0,0,0,0,3,0,0,0,0,0,0,-0.043947858473,0
2,1,2,2,2,0,0,0,0,0,0,1,2,0,2,2,2,2,2,2,1,1,1,0,0,0,0,0,0,0,3,0,0,0.342718808194,0
0,0,0,0,0,0,0,3,0,0,1,0,0,0,3,1,1,1,0,0,0,0,0,2,0,3,3,3,0,0,3,3,0,0.20938547486,0
2,2,1,2,0,0,0,0,0,0,0,0,0,2,1,1,1,1,0,0,0,0,0,0,0,0,0,0,0,0,1,0,0,-0.123947858473,0
3,2,2,2,2,0,0,0,0,0,0,0,1,0,0,2,1,1,1,2,1,1,1,0,0,0,0,0,0,0,2,0,0,0.0493854748603,0
3,2,2,2,0,0,0,0,0,0,0,0,3,0,2,2,0,3,0,0,0,0,0,0,0,0,2,0,0,0,1,0,0,-0.0706145251397,0
2,1,1,2,0,0,0,0,0,0,0,0,2,0,3,2,0,2,0,0,0,0,0,0,0,0,3,0,0,0,3,0,0,-0.123947858473,0
3,2,2,1,0,0,0,0,0,0,0,0,1,0,2,1,0,2,0,0,0,0,0,0,0,0,2,0,0,0,2,0,0,-0.35061452514,0
1,1,2,3,0,0,0,0,0,0,0,0,0,3,1,1,1,1,0,0,0,0,0,0,0,0,0,0,0,0,1,0,0,0.24938547486,0
2,2,2,3,3,0,0,0,0,2,0,1,2,0,1,1,1,1,1,1,1,1,2,0,0,0,0,0,0,0,2,0,0,-0.083947858473,0
3,3,2,2,1,0,0,0,0,1,0,2,2,0,1,2,1,1,1,2,1,2,1,0,0,0,0,0,0,0,2,0,0,0.076052141527,0
2,1,2,1,1,0,0,2,0,0,2,0,0,0,2,2,0,2,0,0,0,0,0,3,0,3,0,3,0,0,3,3,0,0.156052141527,0
0,1,2,1,1,0,1,0,2,3,0,0,1,0,0,3,1,2,3,3,3,1,1,0,0,0,0,0,0,0,2,0,0,-0.19061452514,0
1,1,1,0,2,0,0,0,0,0,0,0,1,0,1,1,0,1,0,0,0,0,0,0,0,0,2,0,0,0,1,0,0,-0.0706145251397,1
3,2,1,3,0,0,0,0,0,0,0,1,2,0,3,2,0,1,0,1,0,0,0,0,0,0,3,0,0,0,1,0,1,0.182718808194,0
2,1,0,2,0,0,0,0,0,0,0,1,1,0,2,0,0,0,0,0,0,0,0,0,0,0,0,0,0,0,2,0,0,0.0893854748603,0
1,1,1,3,0,0,1,0,0,0,0,0,0,2,1,3,1,1,0,2,0,0,0,0,0,0,1,0,0,0,2,0,0,-0.083947858473,0
3,3,3,3,3,0,0,0,3,3,0,0,1,0,0,2,1,2,2,2,2,2,2,0,1,0,0,0,0,0,2,0,1,0.076052141527,0
2,1,1,3,2,2,0,2,0,0,2,0,0,0,2,2,0,1,0,0,0,0,0,2,0,3,0,2,0,0,3,3,0,-0.19061452514,0
2,1,0,2,2,0,0,0,0,0,0,0,0,0,3,1,1,1,0,0,0,0,0,0,1,0,2,0,0,0,1,0,0,-0.243947858473,1
2,2,1,2,0,0,0,0,0,0,0,0,1,0,3,2,0,1,0,0,0,0,0,0,0,0,3,0,0,0,2,0,0,-0.0172811918063,0
1,1,1,0,0,0,0,0,0,0,0,0,0,3,0,2,0,0,0,3,0,0,0,0,0,0,0,0,0,0,1,0,0,0.316052141527,0
2,2,2,2,2,0,0,0,2,1,0,0,0,0,2,0,2,2,2,2,2,1,1,0,0,0,0,0,0,0,1,0,0,-0.11061452514,0
2,2,1,0,0,0,2,0,2,0,0,0,0,0,1,1,1,1,0,0,0,0,0,0,0,0,0,0,1,1,1,0,1,-0.31061452514,0
2,2,1,1,0,0,0,0,1,0,0,1,1,0,2,2,1,1,0,1,0,1,0,0,0,0,2,0,0,0,1,0,0,-0.217281191806,0
1,1,2,0,0,0,0,0,0,0,0,0,0,3,0,2,0,0,0,2,0,0,0,0,0,0,0,0,0,0,1,0,0,0.36938547486,0
3,3,3,2,2,0,0,0,2,2,0,0,1,0,0,1,0,1,1,1,1,1,1,0,2,0,0,0,0,0,3,0,0,0.0893854748603,0
2,3,1,2,0,0,0,0,0,0,0,1,0,0,3,2,0,2,0,2,0,0,0,0,0,0,2,0,0,0,1,0,0,-0.217281191806,0
1,2,2,1,0,0,0,0,0,0,0,2,0,0,2,3,0,1,0,1,0,0,0,0,0,0,1,0,0,0,2,0,0,-0.0306145251397,0
2,2,2,2,2,0,0,0,2,2,0,0,1,0,0,2,1,2,2,2,1,0,2,0,0,1,0,0,0,0,1,0,1,0.036052141527,0
1,1,0,1,1,0,0,0,0,0,0,0,0,0,2,0,0,1,0,0,0,0,0,0,0,0,2,0,0,0,2,0,0,0.316052141527,1
1,1,1,1,1,0,0,0,1,1,0,0,2,0,0,1,2,1,1,1,2,0,3,0,0,0,0,0,0,0,2,0,0,0.0227188081937,0
2,2,3,2,1,3,0,2,0,0,2,0,0,0,2,3,0,0,0,0,0,0,0,2,0,3,0,2,0,0,2,3,0,0.102718808194,0
3,2,1,2,2,0,0,0,2,2,0,0,1,0,0,2,3,2,2,2,3,0,3,0,0,0,0,0,0,0,3,1,0,-0.003947858473,0
2,2,2,3,2,0,0,0,3,3,0,0,1,0,0,2,0,2,2,2,2,2,2,0,1,0,0,0,0,0,2,0,0,0.0627188081937,0
2,2,2,3,2,2,0,2,0,0,3,0,0,0,3,2,0,1,0,0,0,0,0,2,0,3,2,3,0,0,3,3,0,-0.243947858473,0
1,1,2,0,0,0,0,0,0,0,0,0,0,3,0,2,0,0,0,2,0,0,0,0,0,0,0,0,0,0,2,0,0,0.036052141527,0
2,2,3,2,3,3,0,3,0,0,2,0,0,0,2,3,0,2,0,0,0,0,0,3,0,2,2,2,0,0,2,2,0,0.0493854748603,0
1,1,1,2,2,2,0,2,0,0,2,0,0,0,2,2,0,1,0,0,0,0,0,2,0,2,0,2,0,0,3,3,0,0.142718808194,0
2,2,2,3,0,0,1,0,0,0,0,0,0,3,1,2,2,2,0,2,0,0,0,0,0,0,0,0,0,0,1,0,0,-0.27061452514,0
2,2,1,2,0,0,0,0,0,0,0,0,1,0,2,2,0,2,0,0,0,0,0,0,0,0,2,0,0,0,2,0,0,-0.123947858473,0
2,2,3,2,2,2,0,3,0,0,2,0,0,2,2,2,0,1,0,0,0,0,0,2,0,3,3,2,0,0,2,2,0,0.20938547486,0
2,2,0,2,2,0,0,0,0,0,0,0,0,0,3,0,0,2,0,0,0,0,0,0,0,0,3,0,0,0,2,0,0,-0.15061452514,1
1,1,1,1,1,0,0,0,2,2,0,0,2,0,0,2,1,1,2,2,1,0,2,0,0,0,0,0,0,0,0,2,0,-0.483947858473,0
3,3,2,2,0,0,0,0,0,0,0,0,0,0,0,2,0,2,0,1,0,0,0,0,0,0,3,0,0,0,2,0,0,-0.043947858473,0
2,2,2,1,0,0,2,0,0,0,0,0,0,3,1,3,2,2,0,2,0,0,0,0,0,0,0,0,0,0,2,0,0,0.12938547486,0
1,1,2,0,0,0,3,0,3,0,0,0,0,0,2,1,1,1,1,0,0,0,0,0,0,0,0,0,2,2,2,0,1,-0.39061452514,0
2,3,3,3,3,0,0,0,2,1,0,0,0,0,2,2,1,3,3,3,3,0,0,0,0,0,0,0,0,0,2,0,0,-0.083947858473,0
3,2,2,2,2,0,0,0,0,3,0,0,2,0,0,3,1,3,3,3,2,0,1,0,0,0,0,0,0,0,2,0,0,-0.0972811918063,0
2,2,1,1,0,0,0,0,0,0,0,0,1,0,2,3,0,2,0,0,0,0,0,0,0,0,2,0,0,0,1,0,0,-0.177281191806,0
2,2,2,0,0,0,2,0,2,0,0,0,0,0,2,2,2,2,0,0,0,0,0,0,0,0,0,0,2,2,2,0,0,-0.377281191806,0
2,2,2,2,3,2,0,3,0,0,3,0,0,0,3,2,0,1,0,0,0,0,0,2,0,3,0,3,0,0,3,3,0,0.102718808194,0
1,1,0,0,0,0,0,0,0,0,0,0,0,2,0,3,0,0,0,2,0,0,0,0,0,0,0,0,0,0,1,0,0,-0.257281191806,0
2,1,0,2,2,0,0,0,0,0,0,0,0,0,2,1,1,1,0,0,0,0,0,0,0,0,2,0,0,0,1,0,0,-0.27061452514,1
1,1,2,2,2,0,2,0,1,2,0,0,1,0,0,2,1,2,3,3,3,2,2,0,0,0,0,0,0,0,2,0,0,0.24938547486,0
2,2,2,3,2,0,0,0,1,1,0,0,1,0,0,1,1,1,1,1,1,1,1,0,2,0,0,0,0,0,3,0,0,0.0493854748603,0
3,2,2,1,3,3,0,3,0,0,3,0,0,0,3,2,0,3,0,0,0,0,0,2,0,3,3,3,0,0,2,2,0,-0.0306145251397,0
2,2,1,0,0,0,0,0,0,0,0,0,0,2,0,3,0,0,0,2,0,0,0,0,0,0,0,0,0,0,3,0,0,-0.0972811918063,0
3,2,2,0,0,0,0,0,0,0,0,0,0,1,0,2,0,0,0,1,0,0,0,0,0,0,0,0,0,0,2,0,0,-0.0306145251397,0
1,1,1,1,1,0,1,0,2,3,0,0,1,0,0,2,2,1,2,2,2,2,2,0,0,0,0,0,0,0,3,0,0,-0.15061452514,0
2,2,0,2,1,0,0,0,0,0,0,0,0,0,2,0,0,2,0,0,0,0,0,0,0,0,3,0,0,0,3,0,0,0.44938547486,1
3,3,2,1,0,0,0,0,0,0,0,2,0,0,2,3,0,2,0,2,0,0,0,0,0,0,2,0,0,0,1,0,0,0.00938547486034,0
2,3,2,3,3,3,0,2,0,0,3,0,0,0,3,2,0,3,0,0,0,0,0,3,0,2,2,2,0,0,2,2,0,0.0627188081937,0
3,3,3,3,2,0,0,0,0,0,0,0,1,0,0,2,1,1,1,2,1,1,2,0,0,0,0,0,0,0,2,0,0,-0.0572811918063,0
2,2,1,2,2,0,0,0,0,0,0,0,1,0,1,2,0,1,0,0,0,0,0,0,0,0,2,0,0,0,2,0,0,-0.217281191806,0
2,3,1,2,1,0,0,0,0,0,0,0,2,0,0,1,0,0,2,1,2,2,0,0,0,0,0,0,0,0,2,0,0,-0.23061452514,0
3,2,2,3,2,0,0,0,0,2,0,0,2,0,2,2,1,2,3,3,3,3,1,0,0,0,0,0,0,0,3,0,0,0.32938547486,0
2,1,1,3,2,2,0,2,0,0,0,0,0,2,3,0,2,0,0,0,0,0,3,0,2,0,2,2,0,0,3,2,0,-0.123947858473,0
1,1,2,3,2,3,0,3,0,0,2,0,0,0,2,2,0,2,0,0,0,0,0,2,0,3,2,3,0,0,2,3,0,-0.003947858473,0
2,2,3,3,1,2,0,2,0,0,1,0,0,0,3,3,0,2,0,0,0,0,0,3,0,2,1,2,0,0,2,3,0,0.0493854748603,0
3,2,0,3,0,0,0,0,0,0,0,1,1,0,3,2,0,1,0,0,0,0,0,0,0,0,3,0,0,0,2,0,0,0.20938547486,0
1,1,0,3,0,0,0,0,0,0,0,1,0,2,0,3,0,1,0,2,0,0,0,0,0,0,0,0,0,0,1,0,0,-0.123947858473,0
2,2,2,0,2,0,0,0,0,0,0,0,0,0,2,2,0,2,0,0,0,0,0,0,0,0,2,0,0,0,1,0,0,-0.083947858473,1
2,3,0,2,0,0,0,0,0,0,0,0,0,0,3,2,0,0,0,0,0,0,0,0,0,0,2,0,0,0,1,0,0,0.116052141527,0
1,2,0,3,0,0,0,0,0,0,0,0,0,0,2,2,0,0,0,0,0,0,0,0,0,0,2,0,0,0,2,0,0,-0.0306145251397,0
2,3,2,1,0,0,0,0,1,2,0,0,1,0,2,1,0,1,2,2,1,1,0,0,0,0,0,0,0,0,2,0,1,-0.123947858473,0
3,3,2,2,0,0,0,0,2,0,0,0,1,0,2,1,0,2,1,1,1,1,0,0,0,0,0,0,0,0,2,0,0,0.12938547486,0
2,2,2,0,0,0,0,0,1,0,0,0,2,0,1,3,0,1,2,2,1,0,0,0,0,0,0,0,0,0,1,0,0,0.20938547486,0
1,0,1,2,0,0,0,0,0,0,0,0,0,3,0,3,1,0,0,2,0,0,0,0,0,0,0,0,0,0,1,0,0,-0.11061452514,0
2,1,1,1,0,2,0,2,0,0,2,0,0,0,2,2,0,2,0,0,0,0,0,1,0,2,2,2,0,0,3,3,0,0.0493854748603,0
2,3,0,2,0,0,0,0,0,0,0,0,0,0,3,3,0,0,0,0,0,0,0,0,0,0,2,0,0,0,1,0,0,0.24938547486,0
3,3,2,2,0,3,0,2,0,0,2,0,0,0,2,2,0,2,0,0,0,0,0,2,0,2,3,3,0,0,2,3,0,-0.0572811918063,0
2,2,1,2,0,0,0,0,0,0,0,0,0,0,2,1,0,0,0,0,0,0,0,0,0,0,2,0,0,0,1,0,0,-0.043947858473,0
3,2,2,1,0,0,0,0,0,0,0,0,0,0,1,2,0,0,0,0,0,0,0,0,0,0,3,0,0,0,2,0,0,0.142718808194,0
2,1,2,0,2,0,0,0,0,0,0,0,0,0,2,2,0,1,0,0,0,0,0,0,0,0,2,0,0,0,1,0,0,-0.0172811918063,1
2,1,1,2,0,0,0,0,0,0,0,0,0,0,2,1,0,0,0,0,0,0,0,0,0,0,2,0,0,0,3,0,0,0.32938547486,0
3,2,2,2,0,2,0,2,0,0,2,0,0,0,2,2,0,2,0,0,0,0,0,2,0,1,1,1,0,0,2,2,0,-0.19061452514,0
2,2,0,0,0,0,2,0,1,1,0,0,0,0,2,2,0,1,0,0,0,0,0,0,0,0,1,0,1,2,1,0,1,-0.35061452514,0
3,2,0,2,0,0,0,0,0,0,0,0,1,0,2,2,0,1,0,0,0,0,0,0,0,0,2,0,0,0,0,0,0,-0.217281191806,0
3,2,2,3,1,0,0,0,1,1,0,0,2,0,0,2,0,2,2,3,2,1,1,0,0,0,0,0,0,0,1,0,1,0.24938547486,0
2,3,2,2,1,0,0,0,2,2,0,0,2,0,0,2,0,3,3,3,2,2,2,0,0,0,0,0,0,0,2,0,0,0.40938547486,0
2,2,3,3,1,2,0,2,0,0,2,0,0,0,3,2,0,2,0,0,0,0,0,2,0,2,0,0,0,0,2,3,0,0.196052141527,0
2,2,2,0,2,0,0,0,0,0,0,0,0,0,2,1,0,1,0,0,0,0,0,0,1,0,2,0,0,0,1,0,0,-0.217281191806,1
2,2,3,3,1,3,0,2,0,0,3,0,0,0,2,3,0,2,0,0,0,0,0,2,0,3,2,2,0,0,3,3,0,-0.19061452514,0
1,1,2,3,1,2,0,2,0,0,1,0,0,0,1,3,0,1,0,0,0,0,0,1,0,2,2,3,0,0,2,3,0,0.116052141527,0
2,3,2,0,0,0,0,0,2,2,0,0,2,0,0,2,0,2,3,2,1,3,0,0,2,0,0,0,0,0,2,0,0,0.24938547486,0
3,2,3,0,0,0,0,0,3,0,0,0,3,0,0,1,0,1,2,2,0,2,0,0,3,0,0,0,0,0,1,0,0,0.262718808194,0
3,3,3,0,0,0,0,0,2,0,0,0,2,0,0,2,0,2,2,3,0,3,0,0,2,0,0,0,0,0,2,0,0,-0.243947858473,0
3,2,2,2,0,2,0,2,0,0,2,0,0,0,2,3,0,3,0,0,0,0,0,2,0,2,3,2,0,0,2,3,0,0.0493854748603,0
2,2,2,0,0,0,0,0,3,2,0,0,2,0,0,2,0,2,2,3,2,3,0,0,2,0,0,0,0,0,3,0,0,-0.083947858473,0
3,2,3,0,0,0,0,0,2,2,0,0,2,0,0,3,0,2,2,2,3,3,0,0,2,0,0,0,0,0,2,0,0,-0.043947858473,0
2,2,0,3,0,0,0,0,0,0,0,0,2,0,3,3,0,0,0,0,0,0,0,0,0,0,2,0,0,0,2,0,0,0.0493854748603,0
1,2,2,2,0,3,0,2,0,0,2,0,0,0,3,2,0,2,0,0,0,0,0,3,0,2,2,2,0,0,2,2,0,0.076052141527,0
2,2,2,2,0,2,0,3,0,0,3,0,0,0,3,3,0,3,0,0,0,0,0,3,0,3,3,3,0,0,2,2,0,-0.003947858473,0
2,3,2,0,0,0,0,0,2,0,0,0,3,0,0,3,0,2,2,2,0,2,0,0,0,0,0,0,0,0,2,0,0,-0.123947858473,0
3,2,2,0,0,0,0,0,0,0,0,0,2,0,0,2,0,1,0,2,2,0,0,0,0,0,0,0,0,0,2,0,0,0.262718808194,0
1,3,1,0,0,0,0,0,0,0,0,0,2,0,0,2,0,2,0,3,3,0,0,0,0,0,0,0,0,0,3,0,0,0.316052141527,0
2,2,2,0,0,0,0,0,0,0,0,0,3,0,0,3,0,3,0,3,3,0,0,0,0,0,0,0,0,0,2,0,0,-0.217281191806,0
2,2,1,0,0,0,3,0,2,0,0,0,0,0,2,2,1,2,0,0,0,0,0,0,0,0,2,0,3,3,2,0,1,-0.39061452514,0
2,2,0,2,0,0,0,0,0,0,0,0,1,0,3,2,0,0,0,0,0,0,0,0,0,0,3,0,0,0,1,0,0,-0.083947858473,0
3,2,0,3,0,0,0,0,0,0,0,0,2,0,2,2,0,0,0,0,0,0,0,0,0,0,2,0,0,0,2,0,0,-0.23061452514,0
2,3,0,2,0,0,0,0,0,0,0,0,2,0,3,3,0,0,0,0,0,0,0,0,0,0,2,0,0,0,2,0,0,0.20938547486,0
3,2,0,2,0,0,0,0,0,0,0,0,2,0,2,2,0,0,0,0,0,0,0,0,0,0,3,0,0,0,3,0,1,0.24938547486,0
2,2,2,0,0,0,0,0,3,0,0,0,2,0,0,2,0,2,2,2,0,2,0,0,2,0,0,0,0,0,2,0,0,-0.177281191806,0
2,1,2,3,1,2,0,2,0,0,2,0,0,0,1,3,0,2,0,0,0,0,0,2,0,2,0,3,0,0,3,2,0,0.182718808194,0
2,3,3,3,0,3,0,3,0,0,2,0,0,0,2,1,0,2,0,0,0,0,0,2,0,2,0,3,0,0,2,2,0,0.0227188081937,0
3,2,2,2,0,2,0,0,0,0,2,0,0,0,3,2,0,3,0,0,0,0,0,2,0,3,0,2,0,0,3,3,0,-0.15061452514,0
2,2,2,0,0,0,0,0,2,2,0,0,2,0,0,2,0,3,3,2,2,2,1,0,2,0,0,0,0,0,2,0,1,-0.243947858473,0
3,2,2,0,0,0,0,0,3,3,0,0,3,0,0,3,0,2,3,2,3,2,0,0,3,0,0,0,0,0,2,0,1,-0.0172811918063,0
2,2,1,2,0,0,0,0,0,0,0,1,1,0,2,2,0,1,0,0,0,1,0,0,0,0,3,0,0,0,2,0,0,-0.19061452514,0
3,2,3,3,1,2,0,2,0,0,3,0,0,0,2,2,0,2,0,0,0,0,0,1,0,2,0,2,0,0,2,3,0,0.20938547486,0
3,2,2,0,0,0,0,0,0,0,0,1,1,0,1,1,0,2,0,0,0,1,0,0,0,0,2,0,0,0,2,0,0,0.182718808194,0
2,2,2,0,0,0,0,0,0,0,0,1,2,0,2,0,0,1,0,0,0,0,0,0,0,0,2,0,0,0,1,0,0,-0.043947858473,0
3,2,1,0,0,0,0,0,0,0,0,1,1,0,2,0,0,2,0,0,0,0,0,0,0,0,2,0,0,0,1,0,0,0.102718808194,0
1,1,0,2,0,0,1,0,0,0,0,0,0,2,1,2,1,0,0,1,0,0,0,0,0,0,0,0,0,0,2,0,0,-0.243947858473,0
1,1,0,1,0,0,2,0,0,0,0,0,0,1,2,1,2,0,0,2,0,0,0,0,0,0,0,0,0,0,2,0,0,-0.15061452514,0
2,2,0,2,0,0,1,0,0,0,0,0,0,2,1,2,1,0,0,2,0,0,0,0,0,0,0,0,0,0,3,0,0,0.20938547486,0
1,1,0,1,0,0,2,0,0,0,0,0,0,2,2,1,2,0,0,1,0,0,0,0,0,0,0,0,0,0,1,0,0,-0.0172811918063,0
2,2,0,2,0,0,1,0,0,0,0,0,0,1,1,2,2,0,0,0,0,0,0,0,0,0,0,0,0,0,2,1,0,0.0493854748603,0
3,2,2,0,0,0,0,0,2,2,0,0,2,0,0,3,2,1,2,2,2,1,1,0,0,0,0,0,0,0,2,0,1,0.24938547486,0
2,3,2,0,1,0,0,0,2,3,0,0,2,0,0,2,3,1,2,2,2,1,1,0,0,0,0,0,0,0,1,0,0,-0.217281191806,0
3,2,2,0,2,0,0,0,3,2,0,0,3,0,0,3,2,2,2,2,2,1,0,0,0,0,0,0,0,0,2,0,0,0.316052141527,0
2,3,2,0,0,0,0,0,2,3,0,0,2,0,0,2,2,2,2,2,3,2,1,0,0,0,0,0,0,0,2,0,0,-0.043947858473,0
2,3,2,0,0,0,0,0,3,2,0,0,2,0,0,3,2,3,2,2,3,2,1,0,0,0,0,0,0,0,2,0,0,-0.123947858473,0
3,2,2,0,0,0,0,0,2,2,0,0,2,0,0,3,1,2,3,3,2,3,0,0,0,0,0,0,0,0,2,0,0,0.182718808194,0
2,3,2,0,0,0,0,0,3,2,0,0,2,0,0,2,1,2,3,3,2,2,0,0,0,0,0,0,0,0,1,0,0,0.44938547486,0
2,2,2,3,1,2,0,2,0,0,2,0,0,0,2,2,0,1,0,0,0,0,0,2,2,2,1,3,0,0,2,3,0,-0.11061452514,0
2,2,2,2,1,3,0,2,0,0,2,0,0,0,3,2,0,0,0,0,0,0,0,3,2,2,2,2,0,0,3,3,0,-0.083947858473,0
3,2,3,2,2,2,0,2,0,0,3,0,0,0,2,3,0,1,0,0,0,0,0,2,1,2,2,1,0,0,2,3,0,0.222718808194,0
2,3,2,3,3,2,0,2,0,0,2,0,0,0,3,2,0,0,0,0,0,0,0,3,2,2,1,2,0,0,2,2,0,-0.123947858473,0
2,2,3,2,2,2,0,3,0,0,3,0,0,0,2,3,0,0,0,0,0,0,0,2,2,3,2,2,0,0,2,3,0,0.182718808194,0
3,2,2,3,3,3,0,2,0,0,2,0,0,0,2,3,0,0,0,0,0,0,0,2,2,2,2,2,0,0,2,2,0,0.076052141527,0
3,2,1,0,2,0,0,0,0,0,0,0,0,0,2,2,0,0,0,0,0,0,0,0,0,0,3,0,0,0,2,0,0,0.116052141527,1
2,2,1,0,1,0,0,0,0,0,0,0,0,0,3,2,0,0,0,0,0,0,0,0,0,0,3,0,0,0,2,0,0,-0.0172811918063,1
3,1,1,0,1,0,0,0,0,0,0,0,0,0,2,2,0,0,0,0,0,0,0,0,0,0,2,0,0,0,3,0,0,-0.083947858473,1
2,2,2,1,2,0,0,0,0,0,0,0,0,0,3,2,0,0,0,0,0,0,0,0,0,0,3,0,0,0,2,0,0,0.076052141527,1
1,1,1,3,0,0,0,0,0,0,0,0,0,2,1,3,0,1,0,2,0,0,0,0,0,0,0,0,0,0,2,0,0,-0.243947858473,0
2,1,2,2,0,0,0,0,0,0,0,0,0,3,0,3,0,2,0,2,0,0,0,0,0,0,2,0,0,0,1,0,0,-0.15061452514,0
2,1,3,3,0,0,0,0,0,0,0,0,0,2,0,2,0,2,0,2,0,0,0,0,0,0,1,0,0,0,1,0,0,-0.003947858473,0
2,1,2,2,0,0,0,0,0,0,0,0,0,1,0,1,0,1,0,1,0,0,0,0,0,0,0,0,0,0,1,0,0,0.0493854748603,0
1,2,1,1,0,0,0,0,0,0,0,0,0,2,0,2,0,2,0,2,0,0,0,0,0,0,0,0,0,0,2,0,0,-0.0172811918063,0
1,1,1,2,0,0,0,0,0,0,0,0,0,3,0,2,0,2,0,2,0,0,0,0,0,0,0,0,0,0,2,0,0,-0.23061452514,0
2,1,2,0,0,0,0,0,0,0,0,0,0,2,0,2,0,2,0,2,0,0,0,0,0,0,0,0,0,0,1,0,0,0.182718808194,0
2,2,0,2,0,0,0,0,0,0,0,1,1,0,2,2,0,2,0,0,0,0,0,0,0,0,3,0,0,0,2,0,0,0.142718808194,0
3,2,0,1,0,0,0,0,0,1,0,2,2,0,3,2,0,2,0,0,0,0,0,0,0,0,2,0,0,0,3,0,0,-0.083947858473,0
2,3,0,3,0,0,0,0,0,2,0,2,2,0,2,3,0,3,0,0,0,0,0,0,0,0,2,0,0,0,2,0,0,0.076052141527,0
3,2,0,2,0,0,0,0,0,2,0,2,2,0,2,2,0,2,0,0,0,0,0,0,0,0,1,0,0,0,2,0,0,0.24938547486,0
2,2,2,1,1,0,0,0,2,0,0,0,2,0,1,2,1,2,2,2,2,1,1,0,1,0,0,0,0,0,2,0,1,0.316052141527,0
3,2,3,0,1,0,0,0,1,2,0,0,2,0,2,1,2,1,1,1,1,1,1,0,2,0,0,0,0,0,2,0,0,0.382718808194,0
2,2,2,1,0,0,0,0,0,1,0,0,1,0,2,1,2,2,2,1,2,0,0,0,1,0,0,0,0,0,2,0,1,0.142718808194,0
3,2,3,2,0,0,0,0,0,2,0,0,0,0,2,1,3,2,2,2,2,0,0,0,3,0,0,0,0,0,3,0,1,-0.0172811918063,0
2,2,1,1,0,0,0,0,0,2,0,0,0,0,2,2,2,2,1,2,2,0,0,0,2,0,0,0,0,0,2,0,1,0.20938547486,0
2,2,2,2,0,0,0,0,0,1,0,0,0,0,2,2,3,2,2,1,1,0,0,0,2,0,0,0,0,0,1,0,0,0.316052141527,0
2,2,2,1,0,0,2,0,2,2,0,0,0,0,1,2,0,2,0,0,0,0,0,0,0,0,2,0,2,2,2,0,1,-0.39061452514,0
3,2,0,0,0,0,2,0,2,2,0,0,0,0,2,1,0,2,0,0,0,0,0,0,0,0,1,0,2,3,3,0,0,-0.377281191806,0
2,2,2,3,0,0,0,0,2,2,0,0,1,0,0,2,1,2,3,3,3,0,1,0,2,0,0,0,0,0,1,0,1,-0.15061452514,0
3,2,2,3,0,0,0,0,2,0,0,0,2,0,0,2,2,2,2,2,2,0,2,0,2,0,0,0,0,0,1,0,0,0.316052141527,0
2,2,2,2,0,0,0,0,2,2,0,0,1,0,0,3,0,3,2,2,2,0,2,0,2,0,0,0,0,0,2,0,1,0.182718808194,0
2,1,2,0,0,0,0,0,3,2,0,0,2,0,0,2,0,2,3,2,2,0,2,0,3,0,0,0,0,0,2,0,1,-0.043947858473,0
3,3,3,0,0,0,0,0,2,3,0,0,1,0,0,3,0,3,3,3,3,0,1,0,3,0,0,0,0,0,3,0,0,-0.123947858473,0
2,2,2,0,0,0,0,0,2,3,0,0,2,0,0,2,0,2,3,2,2,0,2,0,2,0,0,0,0,0,2,0,0,0.24938547486,0
2,2,2,0,0,0,0,0,2,2,0,0,2,0,0,2,0,2,2,2,2,0,2,0,2,0,0,0,0,0,2,0,0,0.342718808194,0
3,2,2,0,0,0,0,0,0,1,0,0,2,0,0,2,0,1,1,2,2,1,0,0,2,0,0,0,0,0,2,0,1,-0.23061452514,0
2,1,1,2,2,2,0,2,0,0,2,1,0,0,3,2,1,1,0,0,0,0,0,2,0,2,2,3,0,0,2,3,0,0.182718808194,0
2,2,2,2,3,3,0,2,0,0,2,0,0,0,2,3,1,1,0,0,0,0,0,2,0,2,3,2,0,0,3,2,0,0.0493854748603,0
2,2,2,2,1,2,0,2,0,0,2,1,0,0,3,2,1,1,0,0,0,0,0,2,0,2,2,3,0,0,2,3,0,0.342718808194,0
2,2,2,2,1,2,0,2,0,0,3,1,0,0,2,2,1,1,0,0,0,0,0,2,0,2,3,2,0,0,2,3,0,-0.003947858473,0
2,1,2,2,0,3,0,2,0,0,2,1,0,0,3,2,1,1,0,0,0,0,0,2,0,2,3,2,0,0,3,2,0,-0.123947858473,0
3,1,2,3,0,3,0,0,0,1,2,1,0,0,2,3,1,2,0,0,0,0,0,1,0,3,2,3,0,0,2,2,0,0.142718808194,0
2,1,2,2,0,2,0,0,0,1,1,1,0,0,2,3,1,2,0,0,0,0,0,2,0,2,2,2,0,0,2,2,0,0.182718808194,0
2,1,1,0,1,0,0,0,0,0,0,0,0,0,2,2,0,1,0,0,0,0,0,0,1,0,2,0,0,0,1,0,0,-0.0172811918063,1
3,2,1,1,0,0,0,0,0,0,0,1,0,0,3,2,1,1,0,0,0,0,0,0,1,0,1,0,0,0,2,0,0,-0.15061452514,1
1,2,2,0,1,0,0,0,0,0,0,0,1,0,2,2,2,1,0,0,0,0,0,0,1,0,2,0,0,0,1,0,0,0.316052141527,1
2,2,2,0,1,0,0,0,0,0,0,0,0,0,2,2,1,1,0,0,0,0,0,0,0,0,2,0,0,0,2,0,0,-0.19061452514,1
1,2,2,0,1,0,0,0,0,0,0,0,0,0,3,2,2,1,0,0,0,0,0,0,1,0,2,0,0,0,2,0,0,-0.0172811918063,1
2,2,2,1,0,0,0,0,0,0,0,0,0,0,2,2,2,2,0,0,0,0,0,0,0,0,1,0,0,0,2,0,0,-0.003947858473,1
2,1,0,2,0,0,0,0,0,0,0,0,0,2,1,3,2,2,1,3,0,0,0,0,0,0,2,0,0,0,3,0,0,0.0,0
1,1,1,3,0,0,0,0,0,0,0,0,0,3,2,3,1,2,2,2,0,0,0,0,0,0,3,0,0,0,2,0,0,0.0,0
1,1,0,2,0,0,0,0,1,0,0,0,0,3,2,3,2,1,1,3,0,0,0,0,0,0,2,0,0,0,3,0,0,0.0,0
1,1,0,3,0,0,0,0,0,0,0,0,0,2,1,3,1,1,0,2,0,1,0,0,0,0,2,0,0,0,3,0,0,0.0,0
2,2,1,1,0,0,2,0,2,0,0,0,0,0,1,1,1,1,0,0,0,0,0,0,0,0,2,0,1,2,2,0,1,-0.35061452514,0
3,2,0,1,0,0,2,0,1,0,0,0,0,0,1,2,1,2,0,0,0,0,0,0,0,0,3,0,1,2,2,0,1,-0.323947858473,0
2,2,1,1,0,0,2,0,0,0,0,0,0,0,1,1,1,1,0,0,0,0,0,0,0,0,2,0,1,2,2,0,0,-0.377281191806,0
3,2,2,0,0,0,0,0,0,0,0,0,0,0,3,2,1,0,0,0,0,0,0,0,1,0,2,0,0,0,2,0,0,-0.0172811918063,1
2,2,1,0,1,0,0,0,0,0,0,0,0,0,2,2,0,0,0,0,0,0,0,0,1,0,3,0,0,0,2,0,0,0.342718808194,1
2,2,2,0,0,0,0,0,0,0,0,0,0,0,3,1,0,0,0,0,0,0,0,0,1,0,2,0,0,0,3,0,0,0.156052141527,1
3,3,2,0,1,0,0,0,2,2,0,0,0,0,0,2,1,3,3,3,2,1,0,0,1,0,0,0,0,0,2,0,1,-0.083947858473,0
2,2,3,1,0,0,0,0,3,2,0,0,0,0,1,2,0,3,3,3,2,1,1,0,2,0,0,0,0,0,3,0,1,0.276052141527,0
1,2,2,1,1,0,0,0,2,2,0,0,1,0,0,2,0,2,3,3,3,2,1,0,2,0,0,0,0,0,2,0,1,0.342718808194,0
2,2,3,1,0,0,0,0,1,2,0,0,1,0,0,2,0,2,3,3,2,1,1,0,2,0,0,0,0,0,2,0,0,-0.003947858473,0
3,2,2,2,0,0,0,0,2,1,0,0,1,0,0,2,0,3,2,3,2,2,1,0,2,0,0,0,0,0,3,0,0,-0.243947858473,0
2,2,2,1,0,0,0,0,0,0,0,0,0,0,2,2,1,2,0,0,0,0,0,0,0,0,3,0,0,0,2,0,0,-0.15061452514,0
3,2,2,1,0,0,0,0,1,0,0,0,1,0,3,2,0,1,0,0,0,0,0,0,0,0,3,0,0,0,3,0,1,-0.27061452514,0
2,2,1,0,1,0,0,0,0,0,0,0,0,0,2,1,0,1,0,0,0,0,0,0,0,0,2,0,0,0,2,0,0,0.182718808194,1
1,2,2,0,1,0,0,0,0,0,0,0,0,0,2,1,0,0,0,0,0,0,0,0,1,0,2,0,0,0,1,0,0,0.24938547486,1
2,2,1,0,0,0,0,0,0,0,0,0,0,0,2,2,1,1,0,0,0,0,0,0,0,0,2,0,0,0,2,0,0,-0.123947858473,1
3,3,2,0,0,0,0,0,2,2,0,0,0,0,0,2,1,2,2,3,2,1,0,0,1,0,0,0,0,0,2,0,0,0.24938547486,0
2,3,3,1,0,0,0,0,2,1,0,0,0,0,0,3,0,2,2,2,3,0,1,0,2,0,0,0,0,0,2,0,0,-0.19061452514,0
2,2,2,1,0,0,0,0,0,0,0,0,0,0,2,2,1,0,0,0,0,0,0,0,0,0,2,0,0,0,2,0,0,0.44938547486,0
3,2,2,0,0,0,0,0,0,0,0,0,0,0,2,2,1,0,0,0,0,0,0,0,0,0,2,0,0,0,3,0,0,-0.19061452514,0
2,3,2,1,0,0,0,0,0,0,0,0,0,0,3,2,0,0,0,0,0,0,0,0,0,0,3,0,0,0,3,0,0,0.116052141527,0
2,1,2,1,0,2,0,2,0,0,2,0,0,0,2,2,0,1,0,0,0,0,0,2,0,2,0,2,0,0,3,3,0,0.0493854748603,0
2,2,3,1,0,3,0,2,0,0,3,0,0,0,3,3,0,0,0,0,0,0,0,1,0,3,2,3,0,0,3,3,0,-0.11061452514,0
3,2,2,1,0,2,0,3,0,0,2,0,0,0,2,2,1,1,0,0,0,0,0,2,0,3,1,2,0,0,3,3,0,-0.003947858473,0
2,2,3,2,1,2,0,2,0,0,2,0,0,0,2,3,0,0,0,0,0,0,0,2,0,2,2,2,0,0,3,3,0,-0.123947858473,0
2,2,2,0,1,0,0,0,1,1,0,0,0,0,0,2,1,2,3,3,2,0,2,0,1,0,0,0,0,0,2,0,0,0.076052141527,0
2,3,2,0,1,0,0,0,3,2,0,0,1,0,0,3,0,2,2,3,3,0,0,0,2,0,0,0,0,0,2,0,1,-0.123947858473,0
2,2,3,1,0,0,0,0,2,2,0,0,0,0,0,3,1,3,3,2,2,2,1,0,3,0,0,0,0,0,2,0,0,0.182718808194,0
2,1,3,0,1,0,0,0,0,2,0,0,0,0,0,3,0,2,2,3,3,0,0,0,2,0,0,0,0,0,2,0,0,-0.0306145251397,0
2,1,0,2,0,0,0,0,0,0,0,0,0,3,1,2,1,0,0,2,0,0,0,0,0,0,0,0,0,0,1,0,0,-0.377281191806,0
2,1,1,3,0,0,1,0,0,0,0,0,0,2,0,2,0,0,0,3,0,0,0,0,0,0,0,0,0,0,2,0,0,-0.23061452514,0
1,1,2,2,0,0,0,0,1,0,0,1,0,3,0,3,2,0,0,2,0,0,0,0,0,0,0,0,0,0,0,0,0,-0.003947858473,0
2,1,0,3,0,0,0,0,0,0,0,0,0,3,0,2,0,0,0,0,0,0,0,0,0,0,0,0,0,0,1,0,0,0.44938547486,0
2,2,1,3,0,0,0,0,0,0,0,0,0,3,0,2,1,0,0,3,0,0,0,0,0,0,0,0,0,0,2,0,0,0.20938547486,0
2,2,3,3,1,2,0,1,0,0,2,0,0,0,2,2,0,1,0,0,0,0,0,1,0,2,0,2,0,0,2,3,0,-0.15061452514,0
3,2,2,2,0,2,0,2,0,0,3,0,0,0,3,2,0,1,0,0,0,0,0,1,0,2,0,3,0,0,3,3,0,-0.003947858473,0
2,2,2,3,1,2,0,1,0,0,2,0,0,0,2,2,0,1,0,0,0,0,0,1,0,2,0,3,0,0,1,2,0,0.182718808194,0
2,1,2,0,1,0,0,0,0,0,0,0,0,0,2,2,0,1,0,0,0,0,0,0,0,0,2,0,0,0,2,0,0,-0.0306145251397,1
3,1,2,1,0,0,0,0,2,3,0,0,0,0,0,2,0,2,3,2,2,0,3,0,2,0,0,0,0,0,2,0,0,-0.257281191806,0
2,2,2,0,1,0,0,0,2,1,0,0,0,0,0,3,1,1,3,2,2,0,2,0,0,0,0,0,0,0,2,0,0,-0.163947858473,0
2,1,1,0,1,0,0,0,0,0,0,0,0,0,3,1,0,0,0,0,0,0,0,0,1,0,3,0,0,0,2,0,0,-0.19061452514,1
2,1,2,1,1,0,0,0,0,0,0,0,0,0,2,2,0,1,0,0,0,0,0,0,1,0,3,0,0,0,2,0,0,0.24938547486,1
2,1,1,0,1,0,0,0,0,0,0,0,0,0,3,2,0,0,0,0,0,0,0,0,0,0,2,0,0,0,2,0,0,-0.323947858473,1
2,3,2,0,1,0,0,0,0,1,0,0,0,0,0,2,0,2,3,3,2,0,2,0,2,0,0,0,0,0,2,0,0,0.0893854748603,0
3,2,2,0,0,0,0,0,0,1,0,0,0,0,0,3,0,2,2,3,2,0,1,0,2,0,0,0,0,0,2,0,1,0.182718808194,0
2,2,2,1,0,0,0,0,2,2,0,0,0,0,0,2,0,2,2,3,2,0,0,0,2,0,0,0,0,0,2,0,0,-0.003947858473,0
2,2,3,3,2,3,0,1,0,0,2,0,0,0,3,2,0,1,0,0,0,0,0,2,0,3,0,3,0,0,2,3,0,-0.137281191806,0
3,1,2,3,2,2,0,2,0,0,2,0,0,0,2,2,0,1,0,0,0,0,0,2,0,2,0,2,0,0,3,3,0,-0.27061452514,0
2,2,2,3,2,3,0,2,0,0,2,0,0,0,2,2,0,0,0,0,0,0,0,3,0,2,0,2,0,0,2,3,0,-0.0572811918063,0
2,1,2,3,3,2,0,2,0,0,3,0,0,0,3,1,0,0,0,0,0,0,0,2,0,3,0,2,0,0,2,3,0,0.196052141527,0
2,2,3,2,2,3,0,1,0,0,2,0,0,0,3,3,0,1,0,0,0,0,0,2,0,3,0,3,0,0,3,2,0,0.262718808194,0
2,2,2,0,1,0,0,0,2,2,0,0,0,0,0,2,1,2,3,2,3,1,2,0,2,0,0,0,0,0,2,0,0,0.142718808194,0
2,2,3,1,0,0,0,0,2,1,0,0,0,0,0,2,2,3,3,3,2,0,1,0,2,0,0,0,0,0,2,0,0,0.196052141527,0
3,2,2,0,0,0,0,0,2,2,0,0,0,0,0,3,0,3,2,3,3,0,2,0,3,0,0,0,0,0,3,0,0,0.28938547486,0
2,2,3,0,0,0,0,0,3,0,0,0,0,0,0,3,2,2,2,3,2,0,0,0,1,0,0,0,0,0,2,0,0,-0.123947858473,0
2,2,2,0,1,0,0,0,0,0,0,0,0,0,2,1,0,0,0,0,0,0,0,0,1,0,2,0,0,0,2,0,0,-0.0572811918063,1
2,1,1,0,1,0,0,0,0,0,0,1,0,0,3,2,0,1,0,0,0,0,0,0,0,0,1,0,0,0,1,0,0,-0.123947858473,1
2,3,3,0,0,0,0,0,1,0,0,0,1,0,0,2,2,2,2,2,2,2,2,0,1,0,0,0,0,0,2,0,1,0.342718808194,0
2,2,3,0,1,0,0,0,3,0,0,0,2,0,0,1,1,2,2,2,3,0,2,0,1,0,0,0,0,0,2,0,0,0.222718808194,0
3,1,1,0,1,0,0,0,0,0,0,0,0,0,2,2,0,0,0,0,0,0,0,0,0,0,2,0,0,0,2,0,0,0.12938547486,1
2,1,2,3,2,2,0,3,0,0,2,1,0,0,2,2,0,1,0,0,0,0,0,2,0,2,1,2,0,0,2,3,0,0.00938547486034,0
1,1,2,3,2,3,0,2,0,0,2,0,0,0,2,1,0,2,0,0,0,0,0,2,0,2,0,2,0,0,2,3,0,0.16938547486,0
2,1,0,1,0,0,0,0,0,0,0,0,1,0,2,1,0,1,0,0,0,0,0,0,1,0,3,0,0,0,2,0,0,-0.243947858473,1
2,2,2,2,2,0,0,0,0,2,0,0,0,0,0,2,0,2,2,3,3,2,2,0,2,0,0,0,0,0,2,0,0,0.12938547486,0
2,1,2,0,0,0,0,0,2,0,0,0,1,0,0,2,1,2,3,2,3,0,0,0,3,0,0,0,0,0,0,0,0,-0.043947858473,0
1,1,1,0,1,0,0,0,0,0,0,0,0,0,1,2,0,0,0,0,0,0,0,0,0,0,2,0,0,0,3,0,0,-0.19061452514,1
2,2,2,0,1,0,0,0,0,0,0,0,0,0,2,2,0,1,0,0,0,0,0,0,2,0,2,0,0,0,2,0,0,0.102718808194,1
1,0,0,3,0,0,0,0,0,0,0,1,0,3,2,3,0,0,0,2,0,0,0,0,0,0,0,0,0,0,3,0,0,-0.003947858473,0
2,0,1,3,0,0,0,0,0,0,0,0,0,2,2,3,0,1,0,3,0,0,0,0,0,0,0,0,0,0,3,0,0,0.356052141527,0
3,2,2,0,0,0,0,0,2,2,0,0,0,0,0,3,0,3,2,3,2,0,1,0,2,0,0,0,0,0,1,0,0,0.262718808194,0
2,3,2,1,0,0,0,0,2,2,0,0,0,0,0,2,0,2,2,3,2,1,0,0,2,0,0,0,0,0,2,0,0,0.316052141527,0
2,1,0,0,0,0,0,0,0,0,0,1,0,2,2,3,0,0,0,2,0,0,0,0,0,0,1,0,0,0,2,0,0,0.076052141527,0
3,1,0,1,0,0,0,0,0,0,0,0,0,1,2,2,0,0,0,2,0,0,0,0,0,0,0,0,0,0,2,0,0,-0.0572811918063,0
2,1,2,2,2,3,0,2,0,0,2,1,0,0,3,2,0,0,0,0,0,0,0,3,0,2,0,2,0,0,2,3,0,0.196052141527,0
2,2,3,0,0,0,0,0,2,2,0,0,1,0,0,2,0,2,3,2,3,0,2,0,2,0,0,0,0,0,2,0,0,-0.043947858473,0
1,1,0,2,0,0,0,0,0,0,0,0,0,3,1,2,0,1,0,3,0,0,0,0,0,0,0,0,0,0,2,0,0,0.422718808194,0
2,0,1,2,0,0,0,0,0,0,0,0,0,2,2,1,0,0,0,2,0,0,0,0,0,0,0,0,0,0,2,0,0,0.182718808194,0
2,2,2,0,0,0,1,0,1,0,0,0,0,0,2,2,1,0,0,0,0,0,0,0,0,0,1,0,3,2,2,0,1,-0.363947858473,0
2,2,1,0,0,0,2,0,2,0,0,0,0,0,3,2,0,1,0,0,0,0,0,0,0,0,2,0,2,3,1,0,0,-0.27061452514,0
2,2,2,1,1,0,0,0,0,0,0,0,0,0,2,1,0,0,0,0,0,0,0,0,0,0,2,0,0,0,2,0,0,-0.0172811918063,1
2,2,2,1,0,0,0,0,0,0,0,1,0,0,0,2,0,0,0,0,0,0,0,0,1,0,2,0,0,0,2,0,0,0.0493854748603,1
2,2,0,1,0,0,2,0,2,0,0,0,0,0,2,2,0,0,0,0,0,0,0,0,0,0,1,0,2,2,2,0,0,-0.19061452514,0
3,2,2,0,0,0,3,0,1,0,0,0,0,0,1,3,1,1,0,0,0,0,0,0,0,0,2,0,3,2,2,0,1,-0.35061452514,0
2,2,1,0,0,0,2,0,2,0,0,0,0,0,3,2,0,1,0,0,0,0,0,0,0,0,3,0,2,2,2,0,0,-0.39061452514,0
1,2,2,2,0,0,0,0,2,2,0,0,1,0,0,2,1,3,3,3,2,0,2,0,2,0,0,0,0,0,2,0,0,-0.15061452514,0
2,2,2,3,2,0,0,0,2,3,0,0,1,0,0,2,2,2,2,2,2,0,2,0,3,0,0,0,0,0,2,0,1,-0.363947858473,0
3,2,2,3,2,0,0,0,2,3,0,0,0,0,0,3,0,2,2,3,2,0,3,0,2,0,0,0,0,0,1,0,0,0.24938547486,0
1,1,1,2,0,0,0,0,0,0,0,0,0,3,2,2,0,0,0,2,0,0,0,0,0,0,1,0,0,0,2,0,0,0.116052141527,0
2,0,1,2,0,0,0,0,0,0,0,0,0,3,1,2,0,0,0,2,0,0,0,0,0,0,0,0,0,0,2,0,0,0.262718808194,0
2,3,2,3,2,0,0,0,3,2,0,0,1,0,0,3,2,3,2,2,2,0,3,0,3,0,0,0,0,0,0,0,0,-0.003947858473,0
2,2,2,2,2,0,0,0,3,0,0,0,0,0,0,2,2,2,2,3,3,0,2,0,3,0,0,0,0,0,0,0,1,0.516052141527,0
2,2,2,0,1,0,0,0,0,1,0,0,1,0,0,2,0,2,3,2,3,2,1,0,1,0,0,0,0,0,2,0,0,0.116052141527,0
2,3,2,1,0,0,0,0,2,2,0,0,1,0,0,2,0,2,2,2,2,0,2,0,2,0,0,0,0,0,3,0,0,-0.163947858473,0
2,2,0,0,0,0,0,0,0,0,0,1,0,0,3,2,0,0,0,0,0,0,0,0,0,0,2,0,0,0,1,0,0,0.0493854748603,0
2,2,1,1,0,0,0,0,0,0,0,1,1,0,2,2,1,0,0,0,0,0,0,0,0,0,3,0,0,0,1,0,0,-0.15061452514,0
2,1,1,0,1,0,0,0,0,0,0,0,1,0,1,1,0,0,0,0,0,0,0,0,0,0,1,0,0,0,2,0,0,-0.15061452514,1
3,2,1,0,1,0,0,0,0,0,0,0,0,0,2,2,0,0,0,0,0,0,0,0,1,0,1,0,0,0,2,0,0,-0.003947858473,1
3,2,2,2,3,2,0,2,0,0,2,2,0,0,3,3,0,0,0,0,0,0,0,3,0,3,0,3,0,0,2,3,0,-0.11061452514,0
2,1,3,1,2,3,0,2,0,0,2,0,0,0,3,2,0,0,0,0,0,0,0,3,0,2,0,1,0,0,2,3,0,0.182718808194,0
3,2,2,0,0,0,0,0,3,3,0,0,1,0,0,2,0,2,3,2,3,0,2,0,2,0,0,0,0,0,3,0,0,-0.0172811918063,0
