-0.011302835741,-0.25,-0.0297619047619,-0.00297619047619,0.0681479978355,-0.26822533137,-0.151244588745,0
-0.483212948101,-0.119047619048,-0.0297619047619,-0.00297619047619,0.0454207251082,-0.154823269514,-0.0603354978355,0
0.0673488496522,-0.119047619048,-0.0297619047619,-0.00297619047619,-0.01139745671,-0.134204712813,-0.0401334776335,0
0.101056714821,-0.0119047619048,-0.0297619047619,-0.00297619047619,0.022693452381,-0.0517304860088,-0.141143578644,0
-0.303437667202,-0.214285714286,-0.0297619047619,-0.00297619047619,0.0567843614719,-0.257916053019,-0.151244588745,0
0.19094435527,-0.130952380952,-0.0297619047619,-0.00297619047619,-0.159124729437,-0.123895434462,-0.0401334776335,0
-0.236021936865,-0.261904761905,-0.0297619047619,-0.00297619047619,-0.0682156385281,-0.27853460972,-0.161345598846,0
-0.325909577314,-0.190476190476,-0.0297619047619,-0.00297619047619,0.0113298160173,-0.226988217968,-0.110840548341,0
-0.33714553237,-0.0714285714286,-0.0297619047619,-0.00297619047619,-0.0454883658009,0.0101251840943,0.0709776334776,0
-0.0899545211343,-0.119047619048,-0.0297619047619,-0.00297619047619,0.0681479978355,-0.330081001473,-0.20174963925,0
-0.0899545211343,-0.309523809524,-0.0297619047619,-0.00297619047619,0.0795116341991,-0.237297496318,-0.131042568543,0
-0.280965757089,-0.0238095238095,-0.0297619047619,-0.00297619047619,-0.0682156385281,-0.340390279823,-0.211850649351,0
-0.123662386303,-0.214285714286,-0.0297619047619,-0.00297619047619,-0.0454883658009,-0.26822533137,-0.151244588745,0
0.0111690743713,0.0,-0.0297619047619,-0.00297619047619,-0.0454883658009,-0.185751104566,-0.151244588745,0
-0.314673622258,-0.0833333333333,-0.0297619047619,-0.00297619047619,-0.0227610930736,-0.350699558174,-0.221951659452,0
-0.280965757089,-0.119047619048,-0.0297619047619,-0.00297619047619,-0.0454883658009,-0.0620397643594,0.0204725829726,0
-0.179842161584,-0.0595238095238,-0.0297619047619,-0.00297619047619,-0.13639745671,-0.26822533137,-0.151244588745,0
-0.0674826110219,-0.27380952381,-0.0297619047619,-0.00297619047619,0.0567843614719,0.0204344624448,0.0810786435786,0
-0.303437667202,-0.119047619048,-0.0297619047619,-0.00297619047619,-0.125033820346,-0.226988217968,-0.120941558442,0
-0.10119047619,0.0833333333333,-0.0297619047619,-0.00297619047619,-0.125033820346,-0.299153166421,-0.181547619048,0
-0.112426431247,-0.0595238095238,-0.0297619047619,-0.00297619047619,-0.13639745671,-0.288843888071,-0.50477994228,0
-0.213550026752,-0.321428571429,-0.0297619047619,-0.00297619047619,0.261329816017,-0.464101620029,-0.363365800866,0
0.0111690743713,0.047619047619,-0.0297619047619,-0.00297619047619,-0.102306547619,-0.165132547865,-0.0704365079365,0
-0.224785981808,-0.404761904762,-0.0297619047619,-0.00297619047619,0.0681479978355,-0.402245949926,-0.272456709957,0
-0.157370251471,-0.130952380952,-0.0297619047619,-0.00297619047619,-0.0227610930736,-0.288843888071,-0.272456709957,0
-0.236021936865,-0.154761904762,-0.0297619047619,-0.00297619047619,-0.0227610930736,-0.0620397643594,0.0204725829726,0
-0.280965757089,-0.119047619048,-0.0297619047619,-0.00297619047619,-0.0341247294372,-0.175441826215,-0.0805375180375,0
-0.325909577314,0.0119047619048,-0.0297619047619,-0.00297619047619,-3.38203463203e-05,-0.185751104566,-0.0906385281385,0
-0.0787185660781,-0.154761904762,-0.0297619047619,-0.00297619047619,0.0340570887446,-0.154823269514,-0.0603354978355,0
-0.0787185660781,-0.130952380952,-0.0297619047619,-0.00297619047619,-0.0341247294372,-0.196060382916,-0.0906385281385,0
0.0336409844837,-0.142857142857,-0.0297619047619,-0.00297619047619,-0.0682156385281,-0.247606774669,-0.141143578644,0
-0.179842161584,-0.202380952381,-0.0297619047619,-0.00297619047619,-0.13639745671,-0.154823269514,-0.0603354978355,0
0.0673488496522,0.0119047619048,-0.0297619047619,-0.00297619047619,-0.181852002165,-0.134204712813,-0.0401334776335,0
-0.112426431247,-0.25,-0.0297619047619,-0.00297619047619,-0.0909429112554,-0.154823269514,-0.0603354978355,0
-0.292201712146,-0.178571428571,-0.0297619047619,-0.00297619047619,-0.215942911255,-0.319771723122,-0.191648629149,0
-0.157370251471,0.047619047619,-0.0297619047619,-0.00297619047619,-0.102306547619,-0.123895434462,-0.0401334776335,0
-0.236021936865,0.0238095238095,-0.0297619047619,-0.00297619047619,-0.0909429112554,-0.216678939617,-0.110840548341,0
0.168472445158,-0.0357142857143,-0.0297619047619,-0.00297619047619,0.102238906926,-0.206369661267,-0.10073953824,0
-0.202314071696,-0.0952380952381,-0.0297619047619,-0.00297619047619,-0.170488365801,-0.226988217968,-0.120941558442,0
-0.134898341359,-0.047619047619,-0.0297619047619,-0.00297619047619,-0.0227610930736,-0.288843888071,-0.211850649351,0
-0.19107811664,-0.0595238095238,-0.0297619047619,-0.00297619047619,0.022693452381,-0.185751104566,-0.0906385281385,0
-0.224785981808,-0.154761904762,-0.0297619047619,-0.00297619047619,0.102238906926,-0.0929675994109,-0.00983044733045,0
-0.112426431247,0.0,-0.0297619047619,-0.00297619047619,-0.0568520021645,-0.113586156112,-0.0300324675325,0
-0.247257891921,-0.142857142857,-0.0297619047619,-0.00297619047619,-3.38203463203e-05,-0.175441826215,-0.0805375180375,0
0.123528624933,-0.0595238095238,-0.0297619047619,-0.00297619047619,-0.0227610930736,-0.154823269514,-0.0906385281385,0
-0.370853397539,-0.142857142857,-0.0297619047619,-0.00297619047619,-0.0568520021645,-0.0826583210604,0.000270562770563,0
-0.0674826110219,-0.178571428571,-0.0297619047619,-0.00297619047619,0.0567843614719,0.0513622974963,0.111381673882,0
-0.0787185660781,-0.119047619048,-0.0297619047619,-0.00297619047619,-0.125033820346,-0.226988217968,-0.110840548341,0
-0.0899545211343,-0.178571428571,-0.0297619047619,-0.00297619047619,0.0908752705628,-0.361008836524,-0.232052669553,0
-0.303437667202,-0.202380952381,-0.0297619047619,-0.00297619047619,-0.0795792748918,-0.175441826215,-0.0704365079365,0
-0.146134296415,0.0238095238095,-0.0297619047619,-0.00297619047619,-0.0909429112554,-0.0826583210604,-0.141143578644,0
-0.236021936865,-0.238095238095,-0.0297619047619,-0.00297619047619,-0.0568520021645,-0.48472017673,-0.333062770563,0
-0.314673622258,-0.166666666667,-0.0297619047619,-0.00297619047619,-0.170488365801,-0.113586156112,-0.0300324675325,0
-0.303437667202,0.0952380952381,-0.0297619047619,-0.00297619047619,-0.147761093074,0.0307437407953,0.0911796536797,0
-0.0337747458534,-0.0357142857143,-0.0297619047619,-0.00297619047619,-0.318215638528,-0.350699558174,-0.242153679654,0
0.0448769395399,-0.0357142857143,-0.0297619047619,-0.00297619047619,-0.250033820346,-0.175441826215,-0.0805375180375,0
0.0111690743713,-0.154761904762,-0.0297619047619,-0.00297619047619,-0.170488365801,-0.144513991163,-0.0502344877345,0
-0.112426431247,-0.178571428571,-0.0297619047619,-0.00297619047619,-0.0568520021645,-0.175441826215,-0.0805375180375,0
-0.0674826110219,-0.190476190476,-0.0297619047619,-0.00297619047619,-0.227306547619,-0.175441826215,-0.0704365079365,0
-0.0899545211343,-0.142857142857,-0.0297619047619,-0.00297619047619,0.0454207251082,-0.165132547865,-0.0704365079365,0
-0.0674826110219,0.0714285714286,-0.0297619047619,-0.00297619047619,-3.38203463203e-05,-0.0414212076583,0.0406746031746,0
0.0224050294275,-0.166666666667,-0.0297619047619,-0.00297619047619,-0.102306547619,-0.226988217968,-0.120941558442,0
-0.157370251471,-0.107142857143,-0.0297619047619,-0.00297619047619,-0.0227610930736,-0.0311119293078,0.0406746031746,0
-0.359617442483,-0.238095238095,-0.0297619047619,-0.00297619047619,-0.0454883658009,-0.26822533137,-0.151244588745,0
-0.0337747458534,-0.25,-0.0297619047619,-0.00297619047619,0.0113298160173,-0.175441826215,-0.0704365079365,0
-0.292201712146,-0.0833333333333,-0.0297619047619,-0.00297619047619,0.0454207251082,0.0204344624448,0.0911796536797,0
-0.280965757089,-0.154761904762,-0.0297619047619,-0.00297619047619,-0.102306547619,-0.175441826215,-0.0805375180375,0
0.0224050294275,0.0833333333333,-0.0297619047619,-0.00297619047619,-0.0909429112554,-0.0311119293078,0.0406746031746,0
-0.280965757089,-0.154761904762,-0.0297619047619,-0.00297619047619,-0.0795792748918,-0.247606774669,-0.141143578644,0
-0.168606206528,-0.0238095238095,-0.0297619047619,-0.00297619047619,0.0681479978355,-0.103276877761,-0.0199314574315,0
-0.269729802033,-0.285714285714,-0.0297619047619,-0.00297619047619,-0.181852002165,-0.257916053019,-0.151244588745,0
-0.0674826110219,0.0119047619048,-0.0297619047619,-0.00297619047619,-0.0341247294372,-0.247606774669,-0.141143578644,0
-0.146134296415,0.0,-0.0297619047619,-0.00297619047619,-0.0909429112554,-0.144513991163,-0.0502344877345,0
-0.0674826110219,-0.0952380952381,-0.0297619047619,-0.00297619047619,-0.0909429112554,-0.257916053019,-0.30275974026,0
-0.292201712146,-0.0833333333333,-0.0297619047619,-0.00297619047619,-0.147761093074,-0.226988217968,-0.120941558442,0
-0.0899545211343,-0.238095238095,-0.0297619047619,-0.00297619047619,-0.0227610930736,-0.247606774669,-0.141143578644,0
-0.0225387907972,-0.0952380952381,-0.0297619047619,-0.00297619047619,-0.0568520021645,-0.257916053019,-0.151244588745,0
-0.10119047619,-0.0238095238095,-0.0297619047619,-0.00297619047619,0.0113298160173,-0.0620397643594,0.0103715728716,0
-0.0674826110219,-0.261904761905,-0.0297619047619,-0.00297619047619,-0.0795792748918,-0.237297496318,-0.131042568543,0
-0.236021936865,-0.107142857143,-0.0297619047619,-0.00297619047619,-0.0227610930736,-0.123895434462,-0.0401334776335,0
-0.179842161584,-0.261904761905,-0.0297619047619,-0.00297619047619,-0.102306547619,-0.154823269514,-0.0603354978355,0
-0.10119047619,-0.0833333333333,-0.0297619047619,-0.00297619047619,-0.0568520021645,-0.196060382916,-0.0906385281385,0
-0.236021936865,-0.0357142857143,-0.0297619047619,-0.00297619047619,-0.102306547619,-0.27853460972,-0.161345598846,0
-0.179842161584,0.0595238095238,-0.0297619047619,-0.00297619047619,0.0908752705628,-0.196060382916,-0.0906385281385,0
-0.157370251471,0.0714285714286,-0.0297619047619,-0.00297619047619,-0.0795792748918,-0.0517304860088,0.0305735930736,0
-0.112426431247,-0.047619047619,-0.0297619047619,-0.00297619047619,0.022693452381,-0.0104933726068,0.0608766233766,0
-6.68806848582e-05,-0.0119047619048,-0.0297619047619,-0.00297619047619,-0.01139745671,-0.0414212076583,0.0305735930736,0
0.0224050294275,-0.0714285714286,-0.0297619047619,-0.00297619047619,-0.147761093074,-0.144513991163,-0.0805375180375,0
-6.68806848582e-05,0.0119047619048,-0.0297619047619,-0.00297619047619,-0.26139745671,-0.27853460972,-0.161345598846,0
0.0336409844837,-0.0952380952381,-0.0297619047619,-0.00297619047619,-0.38639745671,-0.216678939617,-0.110840548341,0
-0.179842161584,-0.047619047619,-0.0297619047619,-0.00297619047619,0.022693452381,-0.154823269514,-0.0603354978355,0
-0.112426431247,-0.0952380952381,-0.0297619047619,-0.00297619047619,-0.147761093074,-0.237297496318,-0.232052669553,0
-0.10119047619,-0.0833333333333,-0.0297619047619,-0.00297619047619,-3.38203463203e-05,-0.26822533137,-0.252254689755,0
-0.224785981808,-0.0595238095238,-0.0297619047619,-0.00297619047619,-0.159124729437,-0.299153166421,-0.181547619048,0
-0.213550026752,-0.0357142857143,-0.0297619047619,-0.00297619047619,-0.238670183983,-0.226988217968,-0.110840548341,0
0.157236490102,0.309523809524,-0.0297619047619,-0.00297619047619,-0.0568520021645,-0.154823269514,-0.120941558442,0
-0.168606206528,-0.154761904762,-0.0297619047619,-0.00297619047619,-0.227306547619,-0.165132547865,-0.0704365079365,0
0.0785848047084,0.047619047619,-0.0297619047619,-0.00297619047619,-0.147761093074,-0.226988217968,-0.171446608947,0
0.168472445158,0.0595238095238,-0.0297619047619,-0.00297619047619,-0.181852002165,-0.134204712813,-0.221951659452,0
0.0111690743713,-0.047619047619,-0.0297619047619,-0.00297619047619,0.0908752705628,-0.196060382916,-0.0906385281385,0
-0.134898341359,-0.119047619048,-0.0297619047619,-0.00297619047619,0.147693452381,-0.257916053019,-0.151244588745,0
-0.292201712146,0.0833333333333,-0.0297619047619,-0.00297619047619,0.147693452381,-0.165132547865,-0.0704365079365,0
-0.134898341359,-0.285714285714,-0.0297619047619,-0.00297619047619,0.0454207251082,-0.350699558174,-0.221951659452,0
-0.19107811664,-0.0357142857143,-0.0297619047619,-0.00297619047619,0.0340570887446,-0.330081001473,-0.211850649351,0
-0.292201712146,-0.190476190476,-0.0297619047619,-0.00297619047619,-0.13639745671,-0.206369661267,-0.10073953824,0
-0.269729802033,0.0,-0.0297619047619,-0.00297619047619,-0.0682156385281,-0.185751104566,-0.0906385281385,0
-0.0674826110219,-0.0119047619048,-0.0297619047619,-0.00297619047619,-0.125033820346,-0.123895434462,-0.10073953824,0
-0.0787185660781,-0.214285714286,-0.0297619047619,-0.00297619047619,-0.193215638528,-0.0517304860088,0.0204725829726,0
-0.011302835741,-0.0833333333333,-0.0297619047619,-0.00297619047619,-0.01139745671,-0.206369661267,-0.10073953824,0
-0.0337747458534,-0.261904761905,-0.0297619047619,-0.00297619047619,0.0681479978355,-0.309462444772,-0.252254689755,0
-0.202314071696,-0.202380952381,-0.0297619047619,-0.00297619047619,0.11360254329,-0.453792341679,-0.30275974026,0
-0.179842161584,-0.178571428571,-0.0297619047619,-0.00297619047619,0.0113298160173,-0.0104933726068,0.0608766233766,0
-0.168606206528,-0.190476190476,-0.0297619047619,-0.00297619047619,-0.0454883658009,-0.206369661267,-0.232052669553,0
-0.134898341359,-0.238095238095,-0.0297619047619,-0.00297619047619,-0.0795792748918,-0.216678939617,-0.110840548341,0
-0.134898341359,-0.0714285714286,-0.0297619047619,-0.00297619047619,-0.0795792748918,-0.309462444772,-0.191648629149,0
-0.10119047619,0.0119047619048,-0.0297619047619,-0.00297619047619,0.0908752705628,-0.309462444772,-0.191648629149,0
-0.179842161584,-0.0952380952381,-0.0297619047619,-0.00297619047619,-0.102306547619,-0.165132547865,-0.0704365079365,0
0.0111690743713,-0.0119047619048,-0.0297619047619,-0.00297619047619,0.0340570887446,-0.371318114875,-0.242153679654,0
-0.280965757089,0.0119047619048,-0.0297619047619,-0.00297619047619,-0.147761093074,-0.0826583210604,0.000270562770563,0
-0.236021936865,-0.261904761905,-0.0297619047619,-0.00297619047619,-3.38203463203e-05,-0.0826583210604,0.000270562770563,0
-0.280965757089,-0.285714285714,-0.0297619047619,-0.00297619047619,-0.125033820346,-0.185751104566,-0.0805375180375,0
-0.292201712146,-0.107142857143,-0.0297619047619,-0.00297619047619,-0.01139745671,-0.27853460972,-0.161345598846,0
-0.370853397539,-0.130952380952,-0.0297619047619,-0.00297619047619,0.0340570887446,-0.206369661267,-0.110840548341,0
-0.516920813269,-0.22619047619,-0.0297619047619,-0.00297619047619,-0.102306547619,-0.216678939617,-0.110840548341,0
0.123528624933,-0.166666666667,-0.0297619047619,-0.00297619047619,-0.01139745671,-0.154823269514,-0.0603354978355,0
-0.179842161584,0.0119047619048,-0.0297619047619,-0.00297619047619,-0.0682156385281,-0.134204712813,-0.0401334776335,0
-0.247257891921,-0.202380952381,-0.0297619047619,-0.00297619047619,-0.0568520021645,-0.288843888071,-0.171446608947,0
-0.112426431247,-0.047619047619,-0.0297619047619,-0.00297619047619,-0.0909429112554,-0.154823269514,-0.0603354978355,0
-0.303437667202,-0.190476190476,-0.0297619047619,-0.00297619047619,-0.0795792748918,-0.247606774669,-0.131042568543,0
-0.146134296415,-0.0714285714286,-0.0297619047619,-0.00297619047619,-0.0909429112554,-0.113586156112,-0.0300324675325,0
-0.561864633494,-0.142857142857,-0.0297619047619,-0.00297619047619,-0.0909429112554,-0.0208026509573,0.0507756132756,0
-0.123662386303,-0.22619047619,-0.0297619047619,-0.00297619047619,-0.13639745671,-0.165132547865,-0.0704365079365,0
-0.224785981808,-0.0714285714286,-0.0297619047619,-0.00297619047619,-0.01139745671,-0.288843888071,-0.171446608947,0
-0.258493846977,-0.238095238095,-0.0297619047619,-0.00297619047619,0.23860254329,-0.226988217968,-0.110840548341,0
-0.370853397539,0.0238095238095,-0.0297619047619,-0.00297619047619,-0.01139745671,-0.134204712813,-0.0401334776335,0
-0.157370251471,-0.0952380952381,-0.0297619047619,-0.00297619047619,0.0340570887446,-0.185751104566,-0.0906385281385,0
-0.224785981808,-0.154761904762,-0.0297619047619,-0.00297619047619,-0.0795792748918,-0.330081001473,-0.20174963925,0
-0.269729802033,-0.119047619048,-0.0297619047619,-0.00297619047619,-0.159124729437,-0.247606774669,-0.131042568543,0
-0.112426431247,-0.107142857143,-0.0297619047619,-0.00297619047619,0.0567843614719,-0.288843888071,-0.171446608947,0
-0.314673622258,-0.190476190476,-0.0297619047619,-0.00297619047619,-0.0909429112554,-0.216678939617,-0.110840548341,0
-0.0674826110219,-0.178571428571,-0.0297619047619,-0.00297619047619,-0.0682156385281,0.0204344624448,0.0911796536797,0
-0.258493846977,-0.0952380952381,-0.0297619047619,-0.00297619047619,-0.147761093074,-0.123895434462,-0.0704365079365,0
-0.382089352595,-0.0833333333333,-0.0297619047619,-0.00297619047619,0.0454207251082,-0.237297496318,-0.131042568543,0
-0.494448903157,0.130952380952,-0.0297619047619,-0.00297619047619,-0.01139745671,0.432805596465,-0.131042568543,1
-0.0674826110219,0.0238095238095,-0.0297619047619,-0.00297619047619,-0.0795792748918,-0.0311119293078,0.0406746031746,1
0.146000535045,-0.0357142857143,-0.0297619047619,-0.00297619047619,0.0113298160173,0.32971281296,0.343704906205,1
-0.303437667202,-0.0238095238095,-0.0297619047619,-0.00297619047619,0.102238906926,0.391568483063,0.39420995671,1
-0.179842161584,-0.0119047619048,-0.0297619047619,-0.00297619047619,0.0908752705628,0.360640648012,0.303300865801,1
-0.0787185660781,-0.119047619048,-0.0297619047619,-0.00297619047619,0.0908752705628,0.257547864507,0.283098845599,1
-0.0450107009096,0.130952380952,-0.0297619047619,-0.00297619047619,-0.0227610930736,0.370949926362,0.374007936508,1
-0.258493846977,-0.178571428571,-0.0297619047619,-0.00297619047619,0.0113298160173,0.278166421208,0.2931998557,1
0.0224050294275,-0.130952380952,-0.0297619047619,-0.00297619047619,0.170420725108,0.216310751105,0.232593795094,1
-0.236021936865,-0.0357142857143,-0.0297619047619,-0.00297619047619,0.23860254329,0.154455081001,0.19218975469,1
0.056112894596,-0.0357142857143,-0.0297619047619,-0.00297619047619,0.0795116341991,0.288475699558,0.303300865801,1
-0.42703317282,0.202380952381,-0.0297619047619,-0.00297619047619,0.272693452381,0.0822901325479,0.131583694084,1
-0.112426431247,0.0,-0.0297619047619,-0.00297619047619,0.170420725108,0.32971281296,0.343704906205,1
0.258360085607,-0.166666666667,-0.0297619047619,-0.00297619047619,0.0340570887446,0.422496318115,0.424512987013,1
0.381955591225,-0.0714285714286,-0.0297619047619,-0.00297619047619,-0.0227610930736,0.216310751105,0.242694805195,1
-0.0225387907972,-0.0595238095238,-0.0297619047619,-0.00297619047619,0.11360254329,0.288475699558,0.303300865801,1
0.0448769395399,-0.0119047619048,-0.0297619047619,-0.00297619047619,-0.113670183983,0.381259204713,0.384108946609,1
-0.0225387907972,-0.107142857143,-0.0297619047619,-0.00297619047619,0.0113298160173,0.412187039764,0.384108946609,1
-6.68806848582e-05,0.190476190476,-0.0297619047619,-0.00297619047619,-0.215942911255,0.432805596465,0.424512987013,1
0.247124130551,-0.047619047619,-0.0297619047619,-0.00297619047619,0.0113298160173,0.164764359352,0.202290764791,1
-0.0337747458534,0.0595238095238,-0.0297619047619,-0.00297619047619,0.0908752705628,0.216310751105,0.252795815296,1
-0.19107811664,0.0714285714286,-0.0297619047619,-0.00297619047619,-0.193215638528,0.288475699558,0.303300865801,1
0.157236490102,0.0952380952381,-0.0297619047619,-0.00297619047619,-0.0227610930736,0.288475699558,0.232593795094,1
0.0448769395399,0.0833333333333,-0.0297619047619,-0.00297619047619,0.0681479978355,0.31940353461,0.333603896104,1
-0.0337747458534,0.107142857143,-0.0297619047619,-0.00297619047619,0.022693452381,0.267857142857,0.2931998557,1
0.146000535045,0.0,-0.0297619047619,-0.00297619047619,0.102238906926,0.360640648012,0.363906926407,1
-0.011302835741,-0.0952380952381,-0.0297619047619,-0.00297619047619,0.0340570887446,0.298784977909,0.313401875902,1
-0.213550026752,0.0,-0.0297619047619,-0.00297619047619,0.0795116341991,0.350331369661,0.353805916306,1
0.269596040663,-0.0714285714286,-0.0297619047619,-0.00297619047619,0.0567843614719,0.391568483063,0.39420995671,1
-0.19107811664,-0.0595238095238,-0.0297619047619,-0.00297619047619,-0.0568520021645,0.391568483063,0.39420995671,1
-0.0562466559658,-0.119047619048,-0.0297619047619,-0.00297619047619,0.124966179654,0.247238586156,0.272997835498,1
0.235888175495,-0.119047619048,-0.0297619047619,-0.00297619047619,0.23860254329,0.206001472754,0.242694805195,1
-6.68806848582e-05,-0.154761904762,-0.0297619047619,-0.00297619047619,0.181784361472,0.144145802651,0.19218975469,1
0.179708400214,0.0357142857143,-0.0297619047619,-0.00297619047619,0.102238906926,0.164764359352,0.161886724387,1
0.112292669877,0.130952380952,-0.0297619047619,-0.00297619047619,0.0454207251082,0.175073637703,0.212391774892,1
0.370719636169,-0.154761904762,-0.0297619047619,-0.00297619047619,0.124966179654,0.216310751105,0.242694805195,1
-0.179842161584,0.0119047619048,-0.0297619047619,-0.00297619047619,0.193147997835,0.412187039764,0.404310966811,1
0.146000535045,0.047619047619,-0.0297619047619,-0.00297619047619,0.170420725108,0.298784977909,0.313401875902,1
0.224652220439,-0.119047619048,-0.0297619047619,-0.00297619047619,0.0681479978355,0.370949926362,0.333603896104,1
0.112292669877,0.0,0.970238095238,-0.00297619047619,0.0454207251082,0.278166421208,0.303300865801,1
-0.382089352595,0.0119047619048,-0.0297619047619,-0.00297619047619,-0.193215638528,-0.113586156112,-0.0199314574315,1
0.269596040663,0.238095238095,-0.0297619047619,-0.00297619047619,0.181784361472,0.154455081001,0.19218975469,1
-0.33714553237,-0.047619047619,-0.0297619047619,-0.00297619047619,0.0795116341991,0.288475699558,0.313401875902,1
0.438135366506,0.0595238095238,-0.0297619047619,-0.00297619047619,0.0113298160173,0.226620029455,0.262896825397,1
0.224652220439,-0.047619047619,-0.0297619047619,-0.00297619047619,0.0681479978355,0.288475699558,0.232593795094,1
-0.42703317282,-0.0833333333333,-0.0297619047619,-0.00297619047619,0.147693452381,0.206001472754,0.242694805195,1
0.123528624933,0.0238095238095,-0.0297619047619,-0.00297619047619,0.0454207251082,0.175073637703,0.0204725829726,1
-0.19107811664,-0.154761904762,-0.0297619047619,-0.00297619047619,-0.0454883658009,0.154455081001,0.19218975469,1
0.146000535045,0.178571428571,-0.0297619047619,-0.00297619047619,0.181784361472,0.175073637703,0.212391774892,1
-0.10119047619,0.0119047619048,-0.0297619047619,-0.00297619047619,0.0340570887446,0.257547864507,0.283098845599,1
-0.179842161584,0.202380952381,-0.0297619047619,-0.00297619047619,0.022693452381,0.267857142857,0.2931998557,1
0.0898207597646,-0.190476190476,-0.0297619047619,-0.00297619047619,0.0681479978355,0.381259204713,0.313401875902,1
0.101056714821,0.0714285714286,-0.0297619047619,-0.00297619047619,0.0567843614719,0.309094256259,0.323502886003,1
0.0111690743713,-0.119047619048,-0.0297619047619,-0.00297619047619,0.0795116341991,0.12352724595,0.171987734488,1
-6.68806848582e-05,0.0833333333333,-0.0297619047619,-0.00297619047619,0.23860254329,0.113217967599,0.161886724387,1
0.112292669877,-0.047619047619,-0.0297619047619,-0.00297619047619,-0.0568520021645,0.31940353461,0.333603896104,1
-0.146134296415,-0.0357142857143,-0.0297619047619,-0.00297619047619,-0.125033820346,0.267857142857,0.2931998557,1
0.0898207597646,0.0595238095238,-0.0297619047619,-0.00297619047619,0.0795116341991,0.206001472754,0.242694805195,1
-0.157370251471,-0.0357142857143,-0.0297619047619,-0.00297619047619,0.0113298160173,0.195692194404,0.222492784993,1
-0.123662386303,-0.107142857143,-0.0297619047619,-0.00297619047619,0.022693452381,0.226620029455,0.252795815296,1
-0.168606206528,0.0119047619048,-0.0297619047619,-0.00297619047619,0.124966179654,0.216310751105,0.242694805195,1
-0.213550026752,-0.0714285714286,-0.0297619047619,-0.00297619047619,-3.38203463203e-05,0.298784977909,0.323502886003,1
0.123528624933,0.190476190476,-0.0297619047619,-0.00297619047619,-0.0454883658009,0.381259204713,0.384108946609,1
-0.0225387907972,-0.0119047619048,-0.0297619047619,-0.00297619047619,0.022693452381,0.278166421208,0.212391774892,1
-0.438269127876,0.0,-0.0297619047619,-0.00297619047619,0.0908752705628,0.226620029455,0.182088744589,1
-0.213550026752,-0.166666666667,-0.0297619047619,-0.00297619047619,0.0908752705628,0.453424153166,0.444715007215,1
0.202180310326,0.0119047619048,-0.0297619047619,-0.00297619047619,0.23860254329,0.257547864507,0.283098845599,1
0.213416265383,-0.130952380952,-0.0297619047619,-0.00297619047619,0.0795116341991,0.267857142857,0.2931998557,1
0.0224050294275,0.047619047619,-0.0297619047619,-0.00297619047619,0.136329816017,0.267857142857,0.2931998557,1
-0.0450107009096,0.107142857143,-0.0297619047619,-0.00297619047619,-0.159124729437,0.267857142857,-0.272456709957,1
-0.157370251471,-0.0595238095238,-0.0297619047619,-0.00297619047619,-0.13639745671,0.298784977909,-0.333062770563,1
-0.561864633494,0.0119047619048,-0.0297619047619,-0.00297619047619,-0.170488365801,0.175073637703,-0.0603354978355,1
-0.449505082932,-0.0119047619048,-0.0297619047619,-0.00297619047619,-0.102306547619,0.175073637703,-0.292658730159,1
-0.224785981808,0.0119047619048,-0.0297619047619,-0.00297619047619,-0.0909429112554,0.113217967599,-0.161345598846,1
0.123528624933,-0.0357142857143,-0.0297619047619,-0.00297619047619,-0.568215638528,0.309094256259,-0.181547619048,1
0.146000535045,0.297619047619,-0.0297619047619,-0.00297619047619,0.159057088745,0.236929307806,0.161886724387,1
0.235888175495,0.0238095238095,-0.0297619047619,-0.00297619047619,0.159057088745,0.51527982327,0.49522005772,1
0.393191546281,0.0357142857143,-0.0297619047619,-0.00297619047619,0.0340570887446,0.0204344624448,-0.151244588745,0
0.146000535045,-0.0119047619048,-0.0297619047619,-0.00297619047619,0.0454207251082,0.267857142857,0.2931998557,0
0.28083199572,0.0595238095238,0.970238095238,0.997023809524,-0.113670183983,-0.0311119293078,-0.20174963925,0
0.224652220439,-0.130952380952,0.970238095238,-0.00297619047619,0.0113298160173,0.32971281296,0.343704906205,0
0.247124130551,-0.0952380952381,-0.0297619047619,-0.00297619047619,0.170420725108,0.278166421208,0.2931998557,0
0.325775815944,-0.107142857143,-0.0297619047619,-0.00297619047619,0.181784361472,0.31940353461,0.333603896104,0
0.370719636169,-0.0238095238095,-0.0297619047619,-0.00297619047619,0.170420725108,0.267857142857,0.2931998557,0
0.213416265383,-0.0833333333333,-0.0297619047619,-0.00297619047619,0.102238906926,0.247238586156,0.272997835498,0
0.325775815944,-0.166666666667,-0.0297619047619,-0.00297619047619,-0.0454883658009,0.32971281296,0.202290764791,0
0.314539860888,-0.202380952381,-0.0297619047619,-0.00297619047619,0.0795116341991,0.278166421208,0.2931998557,0
0.28083199572,-0.154761904762,-0.0297619047619,-0.00297619047619,0.159057088745,0.206001472754,0.242694805195,0
0.101056714821,-0.25,-0.0297619047619,-0.00297619047619,0.159057088745,0.257547864507,0.272997835498,0
0.19094435527,-0.154761904762,-0.0297619047619,-0.00297619047619,0.0454207251082,0.144145802651,0.182088744589,0
0.179708400214,-0.0238095238095,-0.0297619047619,-0.00297619047619,0.0454207251082,0.206001472754,0.242694805195,0
0.157236490102,-0.047619047619,-0.0297619047619,-0.00297619047619,-0.0227610930736,0.236929307806,0.262896825397,0
0.292067950776,0.25,-0.0297619047619,-0.00297619047619,-3.38203463203e-05,0.216310751105,0.252795815296,0
0.381955591225,-0.0119047619048,-0.0297619047619,-0.00297619047619,0.0567843614719,0.288475699558,0.242694805195,0
0.303303905832,0.0595238095238,-0.0297619047619,-0.00297619047619,0.0113298160173,0.288475699558,0.242694805195,0
0.348247726057,-0.0714285714286,-0.0297619047619,-0.00297619047619,-0.0909429112554,0.175073637703,0.182088744589,0
0.0898207597646,0.119047619048,-0.0297619047619,-0.00297619047619,0.102238906926,0.236929307806,0.262896825397,0
0.146000535045,-0.0952380952381,-0.0297619047619,-0.00297619047619,-0.0227610930736,0.278166421208,0.303300865801,0
0.134764579989,-0.0952380952381,-0.0297619047619,-0.00297619047619,0.0908752705628,0.298784977909,0.313401875902,0
0.404427501338,-0.130952380952,-0.0297619047619,-0.00297619047619,0.102238906926,0.401877761414,0.404310966811,0
0.348247726057,0.0357142857143,-0.0297619047619,-0.00297619047619,0.0795116341991,0.381259204713,0.384108946609,0
0.415663456394,-0.0119047619048,-0.0297619047619,-0.00297619047619,0.124966179654,0.267857142857,0.2931998557,0
-0.0337747458534,-0.047619047619,-0.0297619047619,-0.00297619047619,0.136329816017,0.247238586156,0.272997835498,0
0.292067950776,-0.107142857143,-0.0297619047619,-0.00297619047619,-3.38203463203e-05,0.0925994108984,0.121482683983,0
0.224652220439,0.0357142857143,-0.0297619047619,-0.00297619047619,0.227238906926,0.370949926362,0.374007936508,0
0.157236490102,-0.0595238095238,-0.0297619047619,-0.00297619047619,0.193147997835,0.113217967599,0.161886724387,0
0.348247726057,0.0238095238095,-0.0297619047619,-0.00297619047619,0.0795116341991,0.288475699558,0.303300865801,0
0.258360085607,-0.285714285714,-0.0297619047619,-0.00297619047619,0.0795116341991,0.257547864507,0.283098845599,0
-0.011302835741,0.130952380952,0.970238095238,-0.00297619047619,0.0681479978355,0.216310751105,0.242694805195,0
0.42689941145,-0.0952380952381,-0.0297619047619,-0.00297619047619,0.022693452381,0.236929307806,0.252795815296,0
0.381955591225,0.047619047619,-0.0297619047619,-0.00297619047619,0.284057088745,0.432805596465,0.202290764791,0
0.146000535045,0.0119047619048,-0.0297619047619,-0.00297619047619,0.159057088745,0.226620029455,0.262896825397,0
0.404427501338,0.0595238095238,-0.0297619047619,-0.00297619047619,0.147693452381,0.31940353461,0.333603896104,0
0.325775815944,0.047619047619,-0.0297619047619,-0.00297619047619,-3.38203463203e-05,0.164764359352,0.182088744589,0
0.0785848047084,-0.142857142857,-0.0297619047619,-0.00297619047619,-0.500033820346,-0.0104933726068,-0.171446608947,0
0.314539860888,-0.0714285714286,-0.0297619047619,-0.00297619047619,-0.0568520021645,0.236929307806,0.182088744589,0
0.314539860888,0.214285714286,-0.0297619047619,-0.00297619047619,0.374966179654,-0.103276877761,-0.211850649351,0
0.146000535045,0.22619047619,-0.0297619047619,-0.00297619047619,0.170420725108,-0.0929675994109,-0.221951659452,0
0.19094435527,0.452380952381,-0.0297619047619,-0.00297619047619,0.261329816017,-0.000184094256259,-0.252254689755,0
0.123528624933,0.297619047619,-0.0297619047619,-0.00297619047619,0.0113298160173,-0.175441826215,-0.171446608947,0
0.19094435527,0.404761904762,-0.0297619047619,-0.00297619047619,0.272693452381,0.0410530191458,-0.131042568543,0
0.269596040663,0.47619047619,-0.0297619047619,-0.00297619047619,0.0795116341991,0.0307437407953,-0.211850649351,0
0.258360085607,0.404761904762,-0.0297619047619,-0.00297619047619,0.409057088745,0.0822901325479,-0.211850649351,0
0.28083199572,0.309523809524,-0.0297619047619,-0.00297619047619,0.374966179654,0.0719808541973,-0.20174963925,0
0.303303905832,0.0833333333333,-0.0297619047619,-0.00297619047619,0.431784361472,0.0307437407953,-0.30275974026,0
0.269596040663,0.333333333333,-0.0297619047619,-0.00297619047619,0.284057088745,0.0410530191458,-0.353264790765,0
0.202180310326,0.309523809524,-0.0297619047619,-0.00297619047619,0.386329816017,-0.0517304860088,-0.232052669553,0
0.0673488496522,0.214285714286,-0.0297619047619,-0.00297619047619,0.306784361472,-0.144513991163,-0.0502344877345,0
0.168472445158,0.0119047619048,-0.0297619047619,-0.00297619047619,0.181784361472,0.0410530191458,-0.171446608947,0
0.0224050294275,0.369047619048,-0.0297619047619,-0.00297619047619,0.249966179654,-0.123895434462,-0.120941558442,0
0.157236490102,0.0833333333333,-0.0297619047619,-0.00297619047619,0.227238906926,-0.175441826215,-0.242153679654,0
0.112292669877,0.309523809524,0.970238095238,-0.00297619047619,0.306784361472,0.0925994108984,0.0204725829726,0
0.213416265383,0.107142857143,-0.0297619047619,-0.00297619047619,0.306784361472,-0.113586156112,-0.292658730159,0
0.146000535045,-0.0119047619048,-0.0297619047619,-0.00297619047619,0.329511634199,-0.0517304860088,-0.221951659452,0
0.235888175495,0.25,-0.0297619047619,-0.00297619047619,0.204511634199,-0.0723490427099,-0.141143578644,0
0.202180310326,0.154761904762,-0.0297619047619,-0.00297619047619,0.261329816017,-0.103276877761,-0.20174963925,0
0.303303905832,0.0833333333333,0.970238095238,-0.00297619047619,-0.147761093074,0.0410530191458,-0.494678932179,0
0.179708400214,-0.0119047619048,0.970238095238,-0.00297619047619,0.0454207251082,0.0616715758468,-0.141143578644,0
0.235888175495,-0.047619047619,0.970238095238,-0.00297619047619,0.022693452381,0.0925994108984,-0.20174963925,0
0.19094435527,0.0595238095238,0.970238095238,-0.00297619047619,0.181784361472,0.0822901325479,-0.343163780664,0
0.202180310326,-0.0119047619048,0.970238095238,-0.00297619047619,0.136329816017,0.0513622974963,-0.221951659452,0
0.269596040663,-0.0119047619048,-0.0297619047619,-0.00297619047619,-0.0909429112554,0.0410530191458,-0.141143578644,0
0.224652220439,0.130952380952,-0.0297619047619,-0.00297619047619,0.0681479978355,0.0204344624448,-0.0704365079365,0
0.179708400214,0.428571428571,-0.0297619047619,-0.00297619047619,-0.181852002165,-0.0929675994109,-0.141143578644,0
0.258360085607,0.333333333333,-0.0297619047619,-0.00297619047619,0.0908752705628,0.0101251840943,-0.191648629149,0
0.168472445158,0.0833333333333,-0.0297619047619,-0.00297619047619,-0.0341247294372,-0.0311119293078,0.0103715728716,0
0.247124130551,0.428571428571,-0.0297619047619,-0.00297619047619,-0.375033820346,0.0513622974963,-0.292658730159,0
0.19094435527,0.238095238095,-0.0297619047619,-0.00297619047619,-0.0454883658009,-0.0517304860088,-0.171446608947,0
0.19094435527,0.369047619048,-0.0297619047619,-0.00297619047619,0.0454207251082,-0.0104933726068,-0.272456709957,0
0.19094435527,0.130952380952,-0.0297619047619,-0.00297619047619,0.0113298160173,-0.134204712813,-0.120941558442,0
0.146000535045,0.595238095238,-0.0297619047619,-0.00297619047619,-0.170488365801,0.0101251840943,-0.00983044733045,0
0.0785848047084,0.107142857143,-0.0297619047619,-0.00297619047619,-0.125033820346,-0.0311119293078,-0.171446608947,0
0.235888175495,0.25,-0.0297619047619,-0.00297619047619,-0.113670183983,0.0410530191458,-0.110840548341,0
0.179708400214,0.285714285714,-0.0297619047619,-0.00297619047619,-0.215942911255,-0.123895434462,-0.0704365079365,0
0.19094435527,0.369047619048,-0.0297619047619,-0.00297619047619,-0.284124729437,-0.0826583210604,-0.252254689755,0
0.157236490102,0.261904761905,-0.0297619047619,-0.00297619047619,-0.01139745671,-0.0826583210604,-0.312860750361,0
0.202180310326,0.380952380952,-0.0297619047619,-0.00297619047619,-0.13639745671,0.154455081001,0.0608766233766,0
-0.202314071696,-0.130952380952,-0.0297619047619,-0.00297619047619,0.0340570887446,-0.226988217968,-0.120941558442,0
0.224652220439,0.166666666667,-0.0297619047619,-0.00297619047619,-0.0341247294372,0.0101251840943,-0.0300324675325,0
0.146000535045,0.0833333333333,-0.0297619047619,-0.00297619047619,-0.01139745671,0.206001472754,-0.30275974026,0
0.269596040663,0.380952380952,-0.0297619047619,-0.00297619047619,-0.01139745671,-0.0104933726068,-0.0906385281385,0
0.146000535045,0.428571428571,-0.0297619047619,-0.00297619047619,-0.125033820346,-0.0311119293078,-0.161345598846,0
0.146000535045,0.392857142857,-0.0297619047619,-0.00297619047619,-0.113670183983,-0.113586156112,-0.312860750361,0
0.146000535045,0.25,-0.0297619047619,-0.00297619047619,0.11360254329,-0.103276877761,-0.110840548341,0
0.235888175495,0.428571428571,-0.0297619047619,-0.00297619047619,-0.113670183983,0.0410530191458,-0.181547619048,0
0.202180310326,0.333333333333,-0.0297619047619,-0.00297619047619,-0.0795792748918,-0.0620397643594,-0.0805375180375,0
0.157236490102,0.404761904762,-0.0297619047619,-0.00297619047619,-0.147761093074,-0.0517304860088,-0.10073953824,0
0.269596040663,-0.0357142857143,-0.0297619047619,-0.00297619047619,-3.38203463203e-05,0.0719808541973,-0.0805375180375,0
0.28083199572,0.404761904762,-0.0297619047619,-0.00297619047619,-0.170488365801,0.0204344624448,-0.171446608947,0
0.146000535045,0.178571428571,-0.0297619047619,-0.00297619047619,-0.125033820346,-0.0620397643594,-0.151244588745,0
0.213416265383,0.202380952381,-0.0297619047619,-0.00297619047619,-0.227306547619,-0.113586156112,-0.262355699856,0
0.224652220439,0.25,-0.0297619047619,-0.00297619047619,-0.0909429112554,0.350331369661,0.353805916306,0
0.213416265383,0.357142857143,-0.0297619047619,-0.00297619047619,-0.0454883658009,0.0719808541973,-0.242153679654,0
0.157236490102,0.190476190476,-0.0297619047619,-0.00297619047619,-0.102306547619,-0.113586156112,-0.30275974026,0
0.146000535045,0.357142857143,-0.0297619047619,-0.00297619047619,-0.0454883658009,-0.196060382916,-0.211850649351,0
0.179708400214,0.25,-0.0297619047619,-0.00297619047619,-0.102306547619,-0.000184094256259,-0.151244588745,0
0.213416265383,0.107142857143,-0.0297619047619,-0.00297619047619,-0.0454883658009,-0.0620397643594,0.0204725829726,0
0.202180310326,0.202380952381,-0.0297619047619,-0.00297619047619,-0.01139745671,-0.103276877761,-0.161345598846,0
0.157236490102,0.333333333333,-0.0297619047619,-0.00297619047619,-3.38203463203e-05,-0.144513991163,-0.120941558442,0
0.134764579989,0.333333333333,-0.0297619047619,-0.00297619047619,-0.0341247294372,-0.0104933726068,0.0406746031746,0
0.292067950776,0.27380952381,-0.0297619047619,-0.00297619047619,-0.0682156385281,-0.113586156112,-0.110840548341,0
0.157236490102,0.369047619048,-0.0297619047619,-0.00297619047619,-0.147761093074,-0.113586156112,-0.0603354978355,0
-0.236021936865,-0.130952380952,-0.0297619047619,-0.00297619047619,0.022693452381,-0.103276877761,-0.0199314574315,0
0.134764579989,0.392857142857,-0.0297619047619,-0.00297619047619,-0.0454883658009,-0.144513991163,-0.10073953824,0
0.0673488496522,0.047619047619,-0.0297619047619,-0.00297619047619,-0.0795792748918,-0.134204712813,-0.20174963925,0
0.213416265383,0.190476190476,-0.0297619047619,-0.00297619047619,-0.102306547619,-0.000184094256259,-0.252254689755,0
0.213416265383,0.178571428571,-0.0297619047619,-0.00297619047619,0.147693452381,-0.0208026509573,-0.0906385281385,0
-0.0787185660781,0.107142857143,-0.0297619047619,-0.00297619047619,0.022693452381,-0.0104933726068,0.0608766233766,0
0.269596040663,0.0714285714286,-0.0297619047619,-0.00297619047619,-0.0341247294372,0.185382916053,-0.20174963925,0
0.235888175495,0.0833333333333,-0.0297619047619,-0.00297619047619,-0.0227610930736,-0.154823269514,-0.181547619048,0
0.123528624933,0.119047619048,-0.0297619047619,-0.00297619047619,-0.0682156385281,-0.113586156112,-0.120941558442,0
0.101056714821,0.130952380952,-0.0297619047619,-0.00297619047619,-0.0909429112554,-0.0826583210604,-0.131042568543,0
0.269596040663,0.285714285714,-0.0297619047619,-0.00297619047619,-0.215942911255,0.0307437407953,0.0204725829726,0
