-0.423726723394,0.104278074866,-0.058195072901,1
-0.423726723394,-0.0775401069519,-0.0197335344394,1
-0.423726723394,0.195187165775,-0.0774258421317,1
-0.404858798865,-0.350267379679,-0.0389643036702,1
-0.404858798865,0.195187165775,-0.000502765208648,1
-0.367122949809,-0.441176470588,0.114881850176,1
-0.367122949809,-0.25935828877,-0.0774258421317,1
-0.348255025281,-0.350267379679,-0.0774258421317,0
-0.348255025281,0.286096256684,0.0956510809452,0
-0.348255025281,-0.441176470588,0.499497234791,1
-0.348255025281,-0.25935828877,-0.058195072901,1
-0.348255025281,-0.168449197861,0.114881850176,1
-0.348255025281,0.377005347594,0.0571895424837,1
-0.348255025281,-0.25935828877,-0.0774258421317,1
-0.329387100752,0.104278074866,0.172574157868,1
-0.329387100752,0.0133689839572,-0.0774258421317,1
-0.310519176224,-0.25935828877,-0.058195072901,1
-0.310519176224,0.558823529412,-0.0774258421317,1
-0.291651251696,-0.25935828877,-0.0774258421317,1
-0.291651251696,0.0133689839572,-0.0774258421317,1
-0.291651251696,-0.441176470588,-0.0774258421317,1
-0.291651251696,-0.350267379679,0.0379587732529,1
-0.291651251696,-0.25935828877,0.21103569633,1
-0.291651251696,0.0133689839572,-0.0774258421317,1
-0.272783327167,0.558823529412,0.326420311714,0
-0.272783327167,-0.350267379679,-0.0389643036702,1
-0.272783327167,-0.25935828877,-0.0774258421317,1
-0.272783327167,-0.25935828877,-0.0774258421317,1
-0.272783327167,-0.0775401069519,-0.0197335344394,1
-0.272783327167,0.104278074866,-0.058195072901,1
-0.272783327167,0.286096256684,-0.0774258421317,1
-0.272783327167,0.286096256684,0.134112619407,1
-0.272783327167,-0.25935828877,-0.058195072901,1
-0.272783327167,0.377005347594,0.0187280040221,1
-0.253915402639,0.286096256684,-0.0774258421317,0
-0.253915402639,0.0133689839572,-0.0774258421317,1
-0.253915402639,0.377005347594,-0.0774258421317,1
-0.253915402639,-0.441176470588,-0.0774258421317,1
-0.253915402639,-0.350267379679,-0.0389643036702,1
-0.253915402639,0.0133689839572,-0.000502765208648,1
-0.235047478111,-0.441176470588,-0.0389643036702,1
-0.235047478111,-0.441176470588,-0.0774258421317,1
-0.235047478111,0.195187165775,-0.0774258421317,1
-0.216179553582,-0.25935828877,0.364881850176,0
-0.216179553582,0.104278074866,-0.0774258421317,0
-0.216179553582,0.377005347594,-0.0774258421317,0
-0.216179553582,-0.441176470588,-0.0774258421317,1
-0.216179553582,-0.350267379679,0.0764203117144,1
-0.216179553582,-0.350267379679,-0.0774258421317,1
-0.216179553582,0.104278074866,-0.0774258421317,1
-0.216179553582,0.558823529412,0.0764203117144,1
-0.216179553582,0.195187165775,-0.0774258421317,1
-0.216179553582,0.195187165775,-0.0774258421317,1
-0.197311629054,0.558823529412,-0.058195072901,0
-0.197311629054,-0.350267379679,-0.0774258421317,0
-0.197311629054,-0.441176470588,-0.0774258421317,1
-0.197311629054,-0.25935828877,-0.058195072901,1
-0.197311629054,-0.350267379679,-0.0389643036702,1
-0.197311629054,-0.168449197861,-0.000502765208648,1
-0.197311629054,-0.0775401069519,0.307189542484,1
-0.197311629054,0.195187165775,-0.0774258421317,1
-0.197311629054,0.0133689839572,-0.058195072901,1
-0.178443704526,-0.441176470588,0.922574157868,0
-0.178443704526,-0.350267379679,-0.0389643036702,0
-0.178443704526,0.104278074866,-0.0774258421317,0
-0.178443704526,0.104278074866,-0.0774258421317,0
-0.178443704526,0.0133689839572,0.191804927099,1
-0.178443704526,0.104278074866,-0.0389643036702,1
-0.178443704526,0.104278074866,-0.0197335344394,1
-0.178443704526,-0.25935828877,-0.0774258421317,1
-0.178443704526,0.0133689839572,-0.0389643036702,1
-0.178443704526,0.195187165775,-0.0774258421317,1
-0.178443704526,0.286096256684,-0.000502765208648,1
-0.159575779998,0.104278074866,0.0379587732529,0
-0.159575779998,-0.441176470588,0.0956510809452,0
-0.159575779998,0.0133689839572,0.287958773253,0
-0.159575779998,-0.168449197861,-0.0774258421317,1
-0.159575779998,0.0133689839572,-0.058195072901,1
-0.159575779998,-0.168449197861,-0.0774258421317,1
-0.159575779998,0.377005347594,0.230266465561,1
-0.140707855469,0.195187165775,0.0379587732529,0
-0.140707855469,0.286096256684,-0.0774258421317,0
-0.140707855469,0.377005347594,-0.058195072901,0
-0.140707855469,-0.25935828877,-0.0774258421317,1
-0.140707855469,0.377005347594,-0.0774258421317,1
-0.140707855469,-0.350267379679,0.191804927099,1
-0.140707855469,0.104278074866,-0.0774258421317,1
-0.140707855469,0.467914438503,-0.0774258421317,1
-0.140707855469,0.377005347594,-0.058195072901,1
-0.121839930941,-0.441176470588,-0.0389643036702,0
-0.121839930941,0.558823529412,-0.0197335344394,0
-0.121839930941,-0.0775401069519,0.0187280040221,0
-0.121839930941,0.195187165775,0.307189542484,0
-0.121839930941,-0.0775401069519,-0.0774258421317,1
-0.121839930941,-0.441176470588,-0.0197335344394,1
-0.121839930941,0.0133689839572,-0.0774258421317,1
-0.102972006413,0.0133689839572,0.364881850176,0
-0.102972006413,-0.0775401069519,-0.0774258421317,0
-0.102972006413,0.195187165775,-0.0774258421317,0
-0.102972006413,-0.168449197861,-0.0774258421317,1
-0.102972006413,0.0133689839572,0.0379587732529,1
-0.102972006413,0.286096256684,-0.0774258421317,1
-0.102972006413,0.377005347594,-0.0774258421317,1
-0.102972006413,-0.441176470588,-0.0197335344394,1
-0.102972006413,-0.25935828877,-0.000502765208648,1
-0.102972006413,0.467914438503,-0.000502765208648,1
-0.102972006413,0.286096256684,0.153343388638,1
-0.0841040818843,-0.441176470588,0.134112619407,0
-0.0841040818843,-0.441176470588,0.134112619407,0
-0.0841040818843,0.377005347594,0.0571895424837,0
-0.0841040818843,-0.168449197861,0.0764203117144,1
-0.0841040818843,-0.0775401069519,-0.0389643036702,1
-0.0841040818843,0.104278074866,-0.0774258421317,1
-0.0841040818843,0.286096256684,-0.0774258421317,1
-0.065236157356,0.0133689839572,-0.0774258421317,0
-0.065236157356,0.104278074866,0.114881850176,0
-0.065236157356,-0.168449197861,-0.058195072901,1
-0.065236157356,-0.0775401069519,-0.0774258421317,1
-0.065236157356,0.286096256684,-0.0774258421317,1
-0.065236157356,-0.25935828877,-0.058195072901,1
-0.065236157356,-0.0775401069519,-0.058195072901,1
-0.065236157356,0.0133689839572,-0.0197335344394,1
-0.065236157356,-0.168449197861,-0.0774258421317,1
-0.065236157356,0.377005347594,-0.058195072901,1
-0.0463682328277,0.0133689839572,0.172574157868,0
-0.0463682328277,0.104278074866,-0.0774258421317,0
-0.0463682328277,-0.350267379679,-0.0774258421317,1
-0.0463682328277,-0.168449197861,0.0379587732529,1
-0.0463682328277,-0.168449197861,-0.0774258421317,1
-0.0463682328277,0.0133689839572,-0.058195072901,1
-0.0463682328277,-0.441176470588,-0.058195072901,1
-0.0463682328277,-0.350267379679,-0.0389643036702,1
-0.0463682328277,-0.168449197861,-0.0774258421317,1
-0.0463682328277,0.104278074866,-0.0774258421317,1
-0.0463682328277,0.195187165775,-0.000502765208648,1
-0.0463682328277,0.286096256684,-0.058195072901,1
-0.0275003082994,-0.350267379679,0.172574157868,0
-0.0275003082994,-0.350267379679,-0.0197335344394,0
-0.0275003082994,0.104278074866,0.0571895424837,1
-0.0275003082994,-0.350267379679,-0.058195072901,1
-0.0275003082994,0.195187165775,-0.0774258421317,1
-0.0275003082994,0.286096256684,-0.058195072901,1
-0.00863238377112,0.558823529412,-0.0197335344394,0
-0.00863238377112,-0.350267379679,-0.0389643036702,0
-0.00863238377112,-0.0775401069519,-0.0197335344394,0
-0.00863238377112,0.286096256684,-0.000502765208648,0
-0.00863238377112,-0.168449197861,-0.0774258421317,1
-0.00863238377112,0.0133689839572,-0.000502765208648,1
-0.00863238377112,0.558823529412,-0.0774258421317,1
-0.00863238377112,-0.25935828877,-0.000502765208648,1
-0.00863238377112,-0.25935828877,0.0187280040221,1
-0.00863238377112,-0.0775401069519,-0.0774258421317,1
-0.00863238377112,-0.0775401069519,-0.058195072901,1
-0.00863238377112,0.104278074866,-0.0774258421317,1
-0.00863238377112,0.195187165775,-0.0774258421317,1
-0.00863238377112,0.467914438503,-0.0774258421317,1
0.0102355407572,-0.441176470588,-0.000502765208648,0
0.0102355407572,0.195187165775,-0.058195072901,0
0.0102355407572,-0.350267379679,-0.0197335344394,0
0.0102355407572,-0.25935828877,0.0956510809452,0
0.0102355407572,0.0133689839572,0.384112619407,0
0.0102355407572,0.195187165775,0.153343388638,0
0.0102355407572,-0.441176470588,-0.058195072901,1
0.0102355407572,-0.25935828877,-0.058195072901,1
0.0102355407572,-0.25935828877,-0.0389643036702,1
0.0102355407572,-0.168449197861,-0.058195072901,1
0.0102355407572,0.0133689839572,-0.0774258421317,1
0.0291034652855,-0.25935828877,0.134112619407,0
0.0291034652855,0.195187165775,0.364881850176,0
0.0291034652855,0.195187165775,0.0187280040221,0
0.0291034652855,0.467914438503,0.0571895424837,0
0.0291034652855,-0.350267379679,0.0571895424837,1
0.0291034652855,-0.25935828877,-0.0197335344394,1
0.0291034652855,0.286096256684,-0.0774258421317,1
0.0291034652855,0.377005347594,0.807189542484,1
0.0291034652855,-0.0775401069519,-0.0774258421317,1
0.0291034652855,0.558823529412,0.0571895424837,1
0.0291034652855,0.0133689839572,0.287958773253,1
0.0291034652855,-0.441176470588,-0.058195072901,1
0.0291034652855,-0.0775401069519,-0.0774258421317,1
0.0479713898138,0.0133689839572,0.0379587732529,0
0.0479713898138,0.467914438503,0.21103569633,0
0.0479713898138,-0.441176470588,-0.058195072901,1
0.0479713898138,-0.441176470588,-0.0774258421317,1
0.0479713898138,-0.441176470588,-0.058195072901,1
0.0479713898138,0.286096256684,0.268728004022,1
0.0479713898138,0.286096256684,-0.0774258421317,1
0.0479713898138,0.558823529412,-0.0197335344394,1
0.0479713898138,0.558823529412,0.345651080945,1
0.0479713898138,0.377005347594,-0.058195072901,1
0.0668393143421,0.195187165775,0.0956510809452,0
0.0668393143421,0.286096256684,-0.0197335344394,0
0.0668393143421,-0.25935828877,-0.0774258421317,1
0.0668393143421,0.286096256684,-0.0389643036702,1
0.0668393143421,0.286096256684,-0.058195072901,1
0.0668393143421,0.377005347594,-0.0774258421317,1
0.0668393143421,-0.25935828877,-0.0774258421317,1
0.0857072388704,-0.168449197861,0.0187280040221,0
0.0857072388704,-0.0775401069519,0.191804927099,0
0.0857072388704,0.104278074866,-0.058195072901,0
0.0857072388704,0.104278074866,0.0956510809452,1
0.0857072388704,0.558823529412,-0.0774258421317,1
0.0857072388704,-0.168449197861,-0.0774258421317,1
0.0857072388704,-0.0775401069519,-0.0774258421317,1
0.0857072388704,0.0133689839572,-0.0774258421317,1
0.0857072388704,0.104278074866,-0.0774258421317,1
0.0857072388704,0.104278074866,-0.0774258421317,1
0.0857072388704,0.377005347594,-0.0774258421317,1
0.104575163399,-0.350267379679,-0.0774258421317,1
0.104575163399,-0.25935828877,-0.0197335344394,1
0.104575163399,-0.168449197861,-0.058195072901,1
0.104575163399,0.377005347594,-0.0774258421317,1
0.104575163399,-0.441176470588,-0.0774258421317,1
0.104575163399,-0.441176470588,-0.0197335344394,1
0.104575163399,-0.168449197861,-0.0389643036702,1
0.123443087927,-0.0775401069519,0.595651080945,0
0.123443087927,-0.25935828877,-0.0774258421317,1
0.123443087927,0.0133689839572,-0.0774258421317,1
0.123443087927,0.104278074866,-0.058195072901,1
0.123443087927,0.104278074866,-0.000502765208648,1
0.123443087927,0.104278074866,-0.0774258421317,1
0.123443087927,0.104278074866,0.0571895424837,1
0.123443087927,0.377005347594,-0.0197335344394,1
0.142311012455,-0.350267379679,0.249497234791,0
0.142311012455,0.195187165775,-0.0774258421317,0
0.142311012455,-0.168449197861,-0.058195072901,1
0.142311012455,0.377005347594,-0.0389643036702,1
0.142311012455,-0.168449197861,0.403343388638,1
0.142311012455,0.104278074866,-0.0774258421317,1
0.161178936984,-0.0775401069519,0.0187280040221,0
0.161178936984,0.195187165775,-0.0774258421317,0
0.161178936984,0.467914438503,-0.058195072901,0
0.161178936984,-0.350267379679,-0.0774258421317,1
0.161178936984,-0.350267379679,-0.0774258421317,1
0.161178936984,0.104278074866,-0.0774258421317,1
0.161178936984,0.195187165775,0.0764203117144,1
0.161178936984,0.467914438503,-0.0774258421317,1
0.161178936984,-0.350267379679,-0.0774258421317,1
0.180046861512,-0.350267379679,0.172574157868,0
0.180046861512,-0.441176470588,-0.0774258421317,0
0.180046861512,0.195187165775,0.287958773253,0
0.180046861512,-0.0775401069519,0.0379587732529,1
0.180046861512,0.286096256684,-0.0774258421317,1
0.180046861512,0.286096256684,-0.0774258421317,1
0.180046861512,-0.441176470588,-0.0774258421317,1
0.19891478604,-0.25935828877,-0.058195072901,0
0.19891478604,-0.168449197861,-0.0774258421317,1
0.19891478604,-0.0775401069519,-0.0774258421317,1
0.19891478604,0.0133689839572,-0.0774258421317,1
0.19891478604,0.0133689839572,-0.0774258421317,1
0.19891478604,0.286096256684,-0.0774258421317,1
0.19891478604,-0.168449197861,0.0956510809452,1
0.19891478604,-0.168449197861,0.46103569633,1
0.217782710569,-0.441176470588,-0.0774258421317,1
0.217782710569,0.195187165775,0.345651080945,1
0.217782710569,0.286096256684,-0.0774258421317,1
0.217782710569,-0.168449197861,-0.0774258421317,1
0.217782710569,0.467914438503,-0.0774258421317,1
0.236650635097,-0.441176470588,-0.0774258421317,0
0.236650635097,-0.168449197861,-0.0389643036702,0
0.236650635097,-0.0775401069519,0.345651080945,0
0.236650635097,0.286096256684,0.21103569633,0
0.236650635097,-0.441176470588,-0.0774258421317,1
0.236650635097,0.104278074866,-0.0774258421317,1
0.236650635097,0.377005347594,-0.0774258421317,1
0.236650635097,-0.350267379679,-0.0389643036702,1
0.236650635097,0.104278074866,-0.0774258421317,1
0.236650635097,0.377005347594,-0.058195072901,1
0.255518559625,-0.441176470588,-0.0774258421317,0
0.255518559625,-0.168449197861,0.172574157868,0
0.255518559625,-0.441176470588,-0.0774258421317,1
0.255518559625,-0.441176470588,-0.058195072901,1
0.255518559625,0.467914438503,-0.0774258421317,1
0.274386484153,0.104278074866,0.0764203117144,0
0.274386484153,0.0133689839572,-0.058195072901,0
0.274386484153,0.286096256684,-0.0774258421317,1
0.274386484153,0.286096256684,-0.0774258421317,1
0.274386484153,-0.168449197861,-0.0774258421317,1
0.274386484153,0.195187165775,-0.0774258421317,1
0.293254408682,0.377005347594,-0.0774258421317,1
0.293254408682,0.467914438503,-0.0774258421317,1
0.31212233321,0.377005347594,0.0764203117144,0
0.31212233321,-0.25935828877,-0.0774258421317,1
0.31212233321,0.195187165775,-0.0774258421317,1
0.31212233321,0.286096256684,-0.0774258421317,1
0.330990257738,-0.441176470588,-0.0774258421317,0
0.330990257738,-0.441176470588,-0.000502765208648,0
0.330990257738,0.286096256684,0.191804927099,1
0.330990257738,0.377005347594,-0.0774258421317,1
0.330990257738,0.467914438503,-0.0774258421317,1
0.330990257738,-0.350267379679,0.0764203117144,1
0.330990257738,0.0133689839572,-0.0774258421317,1
0.349858182267,0.467914438503,-0.0389643036702,1
0.368726106795,0.0133689839572,-0.0774258421317,0
0.368726106795,-0.441176470588,-0.0774258421317,1
0.368726106795,0.104278074866,-0.0774258421317,1
0.368726106795,0.377005347594,-0.0197335344394,1
0.387594031323,-0.0775401069519,-0.0774258421317,1
0.387594031323,0.467914438503,-0.0774258421317,1
0.406461955852,0.195187165775,-0.0197335344394,0
0.406461955852,0.0133689839572,-0.0774258421317,1
0.42532988038,-0.0775401069519,-0.058195072901,1
0.444197804908,0.377005347594,-0.0774258421317,1
0.463065729436,0.195187165775,-0.0197335344394,1
0.481933653965,0.195187165775,-0.058195072901,0
0.576273276606,-0.441176470588,-0.0389643036702,0
