-0.206481481481,0.185833333333,-0.399774011299,-0.416111111111,0
-0.262037037037,-0.0225,-0.399774011299,-0.416111111111,0
-0.317592592593,0.0608333333333,-0.416723163842,-0.416111111111,0
-0.34537037037,0.0191666666667,-0.382824858757,-0.416111111111,0
-0.234259259259,0.2275,-0.399774011299,-0.416111111111,0
-0.123148148148,0.3525,-0.348926553672,-0.332777777778,0
-0.34537037037,0.144166666667,-0.399774011299,-0.374444444444,0
-0.234259259259,0.144166666667,-0.382824858757,-0.416111111111,0
-0.400925925926,-0.0641666666667,-0.399774011299,-0.416111111111,0
-0.262037037037,0.0191666666667,-0.382824858757,-0.457777777778,0
-0.123148148148,0.269166666667,-0.382824858757,-0.416111111111,0
-0.289814814815,0.144166666667,-0.365875706215,-0.416111111111,0
-0.289814814815,-0.0225,-0.399774011299,-0.457777777778,0
-0.428703703704,-0.0225,-0.450621468927,-0.457777777778,0
-0.012037037037,0.394166666667,-0.433672316384,-0.416111111111,0
-0.0398148148148,0.560833333333,-0.382824858757,-0.332777777778,0
-0.123148148148,0.3525,-0.416723163842,-0.332777777778,0
-0.206481481481,0.185833333333,-0.399774011299,-0.374444444444,0
-0.0398148148148,0.310833333333,-0.348926553672,-0.374444444444,0
-0.206481481481,0.310833333333,-0.382824858757,-0.374444444444,0
-0.123148148148,0.144166666667,-0.348926553672,-0.416111111111,0
-0.206481481481,0.269166666667,-0.382824858757,-0.332777777778,0
-0.34537037037,0.2275,-0.467570621469,-0.416111111111,0
-0.206481481481,0.1025,-0.348926553672,-0.291111111111,0
-0.289814814815,0.144166666667,-0.315028248588,-0.416111111111,0
-0.234259259259,-0.0225,-0.365875706215,-0.416111111111,0
-0.234259259259,0.144166666667,-0.365875706215,-0.332777777778,0
-0.178703703704,0.185833333333,-0.382824858757,-0.416111111111,0
-0.178703703704,0.144166666667,-0.399774011299,-0.416111111111,0
-0.317592592593,0.0608333333333,-0.365875706215,-0.416111111111,0
-0.289814814815,0.0191666666667,-0.365875706215,-0.416111111111,0
-0.123148148148,0.144166666667,-0.382824858757,-0.332777777778,0
-0.178703703704,0.435833333333,-0.382824858757,-0.457777777778,0
-0.0953703703704,0.4775,-0.399774011299,-0.416111111111,0
-0.262037037037,0.0191666666667,-0.382824858757,-0.457777777778,0
-0.234259259259,0.0608333333333,-0.433672316384,-0.416111111111,0
-0.0953703703704,0.185833333333,-0.416723163842,-0.416111111111,0
-0.262037037037,0.0191666666667,-0.382824858757,-0.457777777778,0
-0.400925925926,-0.0225,-0.416723163842,-0.416111111111,0
-0.206481481481,0.144166666667,-0.382824858757,-0.416111111111,0
-0.234259259259,0.185833333333,-0.416723163842,-0.374444444444,0
-0.373148148148,-0.314166666667,-0.416723163842,-0.374444444444,0
-0.400925925926,0.0608333333333,-0.416723163842,-0.416111111111,0
-0.234259259259,0.185833333333,-0.365875706215,-0.249444444444,0
-0.206481481481,0.310833333333,-0.315028248588,-0.332777777778,0
-0.289814814815,-0.0225,-0.399774011299,-0.374444444444,0
-0.206481481481,0.310833333333,-0.365875706215,-0.416111111111,0
-0.34537037037,0.0608333333333,-0.399774011299,-0.416111111111,0
-0.150925925926,0.269166666667,-0.382824858757,-0.416111111111,0
-0.234259259259,0.1025,-0.399774011299,-0.416111111111,0
0.321296296296,0.0608333333333,0.159548022599,0.0838888888889,0
0.15462962963,0.0608333333333,0.125649717514,0.125555555556,0
0.293518518519,0.0191666666667,0.193446327684,0.125555555556,0
-0.0953703703704,-0.314166666667,0.0409039548023,0.0422222222222,0
0.182407407407,-0.105833333333,0.142598870056,0.125555555556,0
-0.0398148148148,-0.105833333333,0.125649717514,0.0422222222222,0
0.126851851852,0.1025,0.159548022599,0.167222222222,0
-0.262037037037,-0.2725,-0.0777401129944,-0.0827777777778,0
0.210185185185,-0.0641666666667,0.142598870056,0.0422222222222,0
-0.178703703704,-0.1475,0.0239548022599,0.0838888888889,0
-0.234259259259,-0.439166666667,-0.0438418079096,-0.0827777777778,0
0.0157407407407,-0.0225,0.074802259887,0.125555555556,0
0.0435185185185,-0.355833333333,0.0409039548023,-0.0827777777778,0
0.0712962962963,-0.0641666666667,0.159548022599,0.0838888888889,0
-0.0675925925926,-0.0641666666667,-0.0268926553672,0.0422222222222,0
0.237962962963,0.0191666666667,0.108700564972,0.0838888888889,0
-0.0675925925926,-0.0225,0.125649717514,0.125555555556,0
-0.012037037037,-0.1475,0.0578531073446,-0.0827777777778,0
0.0990740740741,-0.355833333333,0.125649717514,0.125555555556,0
-0.0675925925926,-0.230833333333,0.0239548022599,-0.0411111111111,0
0.0157407407407,0.0608333333333,0.176497175141,0.250555555556,0
0.0712962962963,-0.105833333333,0.0409039548023,0.0422222222222,0
0.126851851852,-0.230833333333,0.193446327684,0.125555555556,0
0.0712962962963,-0.105833333333,0.159548022599,0.000555555555555,0
0.15462962963,-0.0641666666667,0.0917514124294,0.0422222222222,0
0.210185185185,-0.0225,0.108700564972,0.0838888888889,0
0.265740740741,-0.105833333333,0.176497175141,0.0838888888889,0
0.237962962963,-0.0225,0.210395480226,0.208888888889,0
0.0435185185185,-0.0641666666667,0.125649717514,0.125555555556,0
-0.0398148148148,-0.189166666667,-0.0438418079096,-0.0827777777778,0
-0.0953703703704,-0.2725,0.00700564971751,-0.0411111111111,0
-0.0953703703704,-0.2725,-0.00994350282486,-0.0827777777778,0
-0.012037037037,-0.1475,0.0239548022599,0.000555555555555,0
0.0435185185185,-0.1475,0.227344632768,0.167222222222,0
-0.123148148148,-0.0225,0.125649717514,0.125555555556,0
0.0435185185185,0.144166666667,0.125649717514,0.167222222222,0
0.237962962963,0.0191666666667,0.159548022599,0.125555555556,0
0.126851851852,-0.314166666667,0.108700564972,0.0422222222222,0
-0.0675925925926,-0.0225,0.0578531073446,0.0422222222222,0
-0.0953703703704,-0.230833333333,0.0409039548023,0.0422222222222,0
-0.0953703703704,-0.189166666667,0.108700564972,0.000555555555555,0
0.0712962962963,-0.0225,0.142598870056,0.0838888888889,0
-0.012037037037,-0.189166666667,0.0409039548023,0.000555555555555,0
-0.234259259259,-0.314166666667,-0.0777401129944,-0.0827777777778,0
-0.0675925925926,-0.1475,0.074802259887,0.0422222222222,0
-0.0398148148148,-0.0225,0.074802259887,0.000555555555555,0
-0.0398148148148,-0.0641666666667,0.074802259887,0.0422222222222,0
0.0990740740741,-0.0641666666667,0.0917514124294,0.0422222222222,0
-0.206481481481,-0.230833333333,-0.128587570621,-0.0411111111111,0
-0.0398148148148,-0.105833333333,0.0578531073446,0.0422222222222,0
0.126851851852,0.1025,0.37988700565,0.542222222222,1
-0.012037037037,-0.1475,0.227344632768,0.292222222222,1
0.349074074074,-0.0225,0.362937853107,0.375555555556,1
0.126851851852,-0.0641666666667,0.31209039548,0.250555555556,1
0.182407407407,-0.0225,0.345988700565,0.417222222222,1
0.487962962963,-0.0225,0.481581920904,0.375555555556,1
-0.262037037037,-0.230833333333,0.125649717514,0.208888888889,1
0.40462962963,-0.0641666666667,0.430734463277,0.250555555556,1
0.237962962963,-0.230833333333,0.345988700565,0.250555555556,1
0.376851851852,0.2275,0.396836158192,0.542222222222,1
0.182407407407,0.0608333333333,0.227344632768,0.333888888889,1
0.15462962963,-0.1475,0.261242937853,0.292222222222,1
0.265740740741,-0.0225,0.295141242938,0.375555555556,1
-0.0398148148148,-0.230833333333,0.210395480226,0.333888888889,1
-0.012037037037,-0.105833333333,0.227344632768,0.500555555556,1
0.15462962963,0.0608333333333,0.261242937853,0.458888888889,1
0.182407407407,-0.0225,0.295141242938,0.250555555556,1
0.515740740741,0.310833333333,0.498531073446,0.417222222222,1
0.515740740741,-0.189166666667,0.532429378531,0.458888888889,1
0.0435185185185,-0.355833333333,0.210395480226,0.125555555556,1
0.293518518519,0.0608333333333,0.329039548023,0.458888888889,1
-0.0675925925926,-0.105833333333,0.193446327684,0.333888888889,1
0.515740740741,-0.105833333333,0.498531073446,0.333888888889,1
0.126851851852,-0.1475,0.193446327684,0.250555555556,1
0.237962962963,0.1025,0.329039548023,0.375555555556,1
0.376851851852,0.0608333333333,0.37988700565,0.250555555556,1
0.0990740740741,-0.105833333333,0.176497175141,0.250555555556,1
0.0712962962963,-0.0225,0.193446327684,0.250555555556,1
0.15462962963,-0.105833333333,0.31209039548,0.375555555556,1
0.376851851852,-0.0225,0.345988700565,0.167222222222,1
0.432407407407,-0.105833333333,0.396836158192,0.292222222222,1
0.571296296296,0.310833333333,0.447683615819,0.333888888889,1
0.15462962963,-0.105833333333,0.31209039548,0.417222222222,1
0.126851851852,-0.105833333333,0.227344632768,0.125555555556,1
0.0712962962963,-0.189166666667,0.31209039548,0.0838888888889,1
0.515740740741,-0.0225,0.396836158192,0.458888888889,1
0.126851851852,0.144166666667,0.31209039548,0.500555555556,1
0.15462962963,0.0191666666667,0.295141242938,0.250555555556,1
0.0435185185185,-0.0225,0.176497175141,0.250555555556,1
0.293518518519,0.0191666666667,0.278192090395,0.375555555556,1
0.237962962963,0.0191666666667,0.31209039548,0.500555555556,1
0.293518518519,0.0191666666667,0.227344632768,0.458888888889,1
-0.012037037037,-0.1475,0.227344632768,0.292222222222,1
0.265740740741,0.0608333333333,0.362937853107,0.458888888889,1
0.237962962963,0.1025,0.329039548023,0.542222222222,1
0.237962962963,-0.0225,0.244293785311,0.458888888889,1
0.126851851852,-0.230833333333,0.210395480226,0.292222222222,1
0.182407407407,-0.0225,0.244293785311,0.333888888889,1
0.0990740740741,0.144166666667,0.278192090395,0.458888888889,1
0.0157407407407,-0.0225,0.227344632768,0.250555555556,1
