23,3,19,1,1,0
15,3,17,2,1,0
23,3,49,1,2,0
5,2,33,1,2,0
7,11,55,2,2,0
23,3,20,2,1,0
9,5,19,2,2,0
10,3,27,2,2,0
22,3,58,1,1,0
15,3,20,2,1,0
10,22,9,2,2,0
13,1,30,2,2,0
18,21,29,2,2,0
6,17,39,2,2,0
6,17,42,2,2,0
6,17,43,2,2,0
7,11,10,2,2,0
22,3,46,2,2,0
13,3,10,2,1,0
7,25,42,2,2,0
25,7,27,2,2,0
25,7,23,2,2,0
2,9,31,2,2,0
1,15,22,2,1,0
15,13,37,2,2,0
7,11,13,2,2,0
8,3,24,2,2,0
14,15,38,2,2,0
21,2,42,2,2,1
22,3,28,2,2,1
11,1,51,2,2,1
18,5,19,2,2,1
13,1,31,2,2,1
13,3,13,1,1,1
5,2,37,2,2,1
16,8,36,2,2,1
4,16,21,2,2,1
5,2,48,2,2,1
14,15,38,2,2,1
23,3,19,1,1,0
15,3,17,2,1,0
23,3,49,1,2,0
5,2,33,1,2,0
7,11,55,2,2,0
23,3,20,2,1,0
9,5,19,2,2,0
10,3,27,2,2,0
22,3,58,1,2,0
15,3,20,2,1,0
10,22,9,2,2,0
13,1,30,2,2,0
18,21,29,2,2,0
6,17,39,2,2,0
6,17,42,2,2,0
6,17,43,2,2,0
7,11,10,2,2,0
22,3,46,2,2,0
13,3,10,2,1,0
7,25,42,2,2,0
25,7,27,2,2,0
25,7,23,2,2,0
2,9,31,2,2,0
1,15,22,2,1,0
15,13,37,2,2,0
7,11,13,2,2,0
8,3,24,2,2,0
14,15,38,2,2,0
21,2,42,2,2,1
22,3,28,2,2,1
11,1,51,2,2,1
18,5,19,2,2,1
13,1,31,2,2,1
13,3,13,1,1,1
5,2,37,2,2,1
16,8,36,2,2,1
4,16,21,2,2,1
5,2,48,2,2,1
14,15,38,2,2,1
23,3,25,1,1,0
13,3,17,1,1,0
16,19,11,2,2,0
9,2,39,2,2,0
13,3,11,2,1,0
18,21,19,2,2,0
22,3,45,1,2,0
7,11,20,2,1,0
23,3,20,2,1,0
23,3,20,1,1,0
23,3,38,1,2,0
14,22,17,2,2,0
17,17,19,1,2,0
9,5,24,2,2,0
18,25,25,2,2,0
17,17,31,1,2,0
1,15,31,2,2,0
1,8,18,2,2,0
11,16,22,1,2,0
22,13,27,1,2,0
9,2,14,2,2,0
13,1,20,2,2,0
6,17,35,1,2,0
23,3,20,2,1,0
23,3,20,1,1,0
6,17,37,2,2,0
22,3,15,1,2,0
20,2,25,2,2,0
23,3,10,2,2,0
20,2,14,2,2,1
23,3,38,1,2,1
13,1,29,2,2,1
10,3,19,2,2,1
7,11,30,2,2,1
14,15,32,1,2,1
8,3,27,2,2,1
12,7,34,2,2,1
8,7,23,2,2,1
15,1,66,2,2,1
23,3,12,2,2,1
2,9,29,2,2,1
15,1,19,2,2,1
20,2,3,2,2,1
13,14,17,2,2,0
9,6,7,2,2,0
10,3,21,1,2,0
14,15,36,2,2,0
13,1,54,1,2,0
8,3,29,1,2,0
20,2,45,2,2,0
22,1,11,2,2,0
18,12,16,2,2,0
20,15,18,2,2,0
17,18,44,1,2,0
14,23,17,2,2,0
24,26,21,2,2,0
9,24,20,2,2,0
12,8,24,2,2,0
9,6,5,2,2,0
22,1,42,2,2,0
7,11,30,2,2,1
10,3,19,2,2,1
23,3,11,2,2,1
17,18,29,2,2,1
16,20,15,2,2,1
3,2,37,2,2,1
19,4,10,2,2,1
23,3,24,2,2,1
3,2,26,2,2,1
10,3,12,2,2,1
18,7,48,1,2,1
22,1,51,2,2,1
2,10,27,2,2,1
