-0.101441682324,0.907863145258,0.907863145258,0.663728275401,0
-0.128468709351,0.152761104442,0.152761104442,-0.0654383912656,0
-0.114955195838,0.213985594238,0.213985594238,0.00747827540107,0
-0.101441682324,0.295618247299,0.295618247299,0.111644942068,0
-0.114955195838,0.37725090036,0.37725090036,0.444978275401,1
-0.074414655297,-0.030912364946,-0.030912364946,-0.315438391266,1
-0.101441682324,0.0303121248499,0.0303121248499,-0.211271724599,0
-0.114955195838,0.132352941176,0.132352941176,0.00747827540107,1
-0.101441682324,0.0711284513806,0.0711284513806,-0.127938391266,0
-0.0609011417835,0.826230492197,0.826230492197,0.663728275401,0
-0.074414655297,0.356842737095,0.356842737095,0.247061608734,1
-0.128468709351,-0.0513205282113,-0.0513205282113,-0.315438391266,1
-0.101441682324,0.0915366146459,0.0915366146459,-0.0654383912656,0
-0.114955195838,0.152761104442,0.152761104442,0.132478275401,1
-0.101441682324,0.00990396158463,0.00990396158463,-0.200855057932,0
-0.101441682324,-0.0105042016807,-0.0105042016807,-0.242521724599,0
-0.101441682324,0.173169267707,0.173169267707,0.142894942068,0
-0.101441682324,0.193577430972,0.193577430972,0.153311608734,0
-0.101441682324,0.00990396158463,0.00990396158463,-0.200855057932,0
-0.101441682324,-0.0513205282113,-0.0513205282113,-0.315438391266,0
-0.101441682324,-0.0513205282113,-0.0513205282113,-0.315438391266,0
-0.074414655297,0.111944777911,0.111944777911,-0.0654383912656,1
-0.101441682324,0.00990396158463,0.00990396158463,-0.190438391266,0
-0.101441682324,0.00990396158463,0.00990396158463,-0.190438391266,0
-0.00684708772944,0.0711284513806,0.0711284513806,-0.190438391266,1
-0.074414655297,0.173169267707,0.173169267707,0.0595616087344,1
-0.074414655297,0.00990396158463,0.00990396158463,-0.211271724599,1
-0.074414655297,0.132352941176,0.132352941176,-0.0029383912656,0
-0.074414655297,-0.0105042016807,-0.0105042016807,-0.242521724599,0
-0.074414655297,0.0507202881152,0.0507202881152,-0.138355057932,1
-0.114955195838,0.173169267707,0.173169267707,0.247061608734,1
-0.074414655297,0.0915366146459,0.0915366146459,-0.0654383912656,0
-0.074414655297,0.0915366146459,0.0915366146459,-0.0654383912656,0
-0.074414655297,0.0711284513806,0.0711284513806,-0.0862717245989,0
-0.101441682324,0.213985594238,0.213985594238,0.309561608734,1
-0.101441682324,0.0507202881152,0.0507202881152,-0.0654383912656,0
-0.101441682324,0.132352941176,0.132352941176,0.132478275401,0
-0.074414655297,0.00990396158463,0.00990396158463,-0.190438391266,0
-0.101441682324,0.173169267707,0.173169267707,0.236644942068,0
-0.074414655297,0.0303121248499,0.0303121248499,-0.127938391266,0
-0.101441682324,0.152761104442,0.152761104442,0.194978275401,0
-0.101441682324,-0.0105042016807,-0.0105042016807,-0.190438391266,1
-0.101441682324,-0.0105042016807,-0.0105042016807,-0.190438391266,0
-0.101441682324,-0.0105042016807,-0.0105042016807,-0.190438391266,1
-0.074414655297,0.295618247299,0.295618247299,0.361644942068,0
-0.074414655297,0.0711284513806,0.0711284513806,-0.0654383912656,0
-0.101441682324,0.0711284513806,0.0711284513806,0.0178949420677,1
-0.101441682324,-0.0717286914766,-0.0717286914766,-0.336271724599,1
-0.101441682324,-0.0717286914766,-0.0717286914766,-0.336271724599,1
-0.101441682324,-0.0717286914766,-0.0717286914766,-0.336271724599,1
-0.101441682324,0.111944777911,0.111944777911,0.122061608734,1
-0.101441682324,0.111944777911,0.111944777911,0.122061608734,0
-0.101441682324,0.00990396158463,0.00990396158463,-0.127938391266,1
-0.101441682324,0.132352941176,0.132352941176,0.184561608734,1
-0.074414655297,-0.0105042016807,-0.0105042016807,-0.211271724599,0
-0.074414655297,0.275210084034,0.275210084034,0.361644942068,0
-0.074414655297,0.0507202881152,0.0507202881152,-0.0862717245989,0
-0.101441682324,0.0303121248499,0.0303121248499,-0.0654383912656,0
-0.101441682324,0.213985594238,0.213985594238,0.486644942068,1
-0.0879281688105,0.00990396158463,0.00990396158463,-0.138355057932,1
-0.101441682324,0.0303121248499,0.0303121248499,-0.0550217245989,1
-0.101441682324,0.0507202881152,0.0507202881152,0.00747827540107,0
-0.101441682324,0.0915366146459,0.0915366146459,0.153311608734,1
-0.074414655297,-0.0105042016807,-0.0105042016807,-0.190438391266,0
-0.101441682324,-0.0513205282113,-0.0513205282113,-0.263355057932,0
-0.0879281688105,0.213985594238,0.213985594238,0.413728275401,1
-0.101441682324,-0.030912364946,-0.030912364946,-0.211271724599,0
-0.128468709351,-0.0717286914766,-0.0717286914766,-0.315438391266,1
-0.074414655297,0.0303121248499,0.0303121248499,-0.0966883912656,1
-0.114955195838,0.0711284513806,0.0711284513806,0.174144942068,1
-0.101441682324,-0.030912364946,-0.030912364946,-0.190438391266,1
-0.101441682324,-0.030912364946,-0.030912364946,-0.190438391266,1
-0.074414655297,0.234393757503,0.234393757503,0.382478275401,0
-0.101441682324,-0.0717286914766,-0.0717286914766,-0.315438391266,1
-0.101441682324,-0.0717286914766,-0.0717286914766,-0.315438391266,0
-0.101441682324,-0.0717286914766,-0.0717286914766,-0.315438391266,0
-0.101441682324,-0.030912364946,-0.030912364946,-0.190438391266,0
-0.101441682324,-0.0717286914766,-0.0717286914766,-0.315438391266,1
-0.101441682324,-0.0717286914766,-0.0717286914766,-0.315438391266,1
-0.101441682324,-0.0717286914766,-0.0717286914766,-0.315438391266,1
-0.074414655297,0.00990396158463,0.00990396158463,-0.117521724599,0
-0.101441682324,-0.030912364946,-0.030912364946,-0.190438391266,1
-0.101441682324,-0.030912364946,-0.030912364946,-0.190438391266,1
-0.101441682324,-0.030912364946,-0.030912364946,-0.190438391266,1
-0.101441682324,0.00990396158463,0.00990396158463,-0.0654383912656,0
-0.101441682324,0.00990396158463,0.00990396158463,-0.0654383912656,1
-0.074414655297,-0.0717286914766,-0.0717286914766,-0.315438391266,1
-0.074414655297,-0.0717286914766,-0.0717286914766,-0.315438391266,1
-0.074414655297,-0.0717286914766,-0.0717286914766,-0.315438391266,1
-0.101441682324,0.0303121248499,0.0303121248499,0.00747827540107,0
-0.074414655297,-0.0717286914766,-0.0717286914766,-0.315438391266,0
-0.074414655297,-0.0717286914766,-0.0717286914766,-0.315438391266,1
-0.074414655297,-0.0717286914766,-0.0717286914766,-0.315438391266,1
-0.074414655297,-0.0717286914766,-0.0717286914766,-0.315438391266,1
0.0336934528111,0.111944777911,0.111944777911,-0.117521724599,1
-0.074414655297,0.0303121248499,0.0303121248499,-0.0654383912656,1
-0.0879281688105,0.234393757503,0.234393757503,0.538728275401,1
-0.074414655297,0.0711284513806,0.0711284513806,0.0387282754011,0
-0.074414655297,-0.030912364946,-0.030912364946,-0.211271724599,0
-0.0609011417835,0.0303121248499,0.0303121248499,-0.0862717245989,0
-0.074414655297,0.0507202881152,0.0507202881152,-0.0029383912656,0
-0.101441682324,0.152761104442,0.152761104442,0.434561608734,0
-0.074414655297,0.0711284513806,0.0711284513806,0.0595616087344,1
-0.101441682324,-0.0105042016807,-0.0105042016807,-0.0862717245989,1
-0.101441682324,-0.0105042016807,-0.0105042016807,-0.0862717245989,1
-0.04738762827,0.234393757503,0.234393757503,0.372061608734,1
-0.128468709351,0.0507202881152,0.0507202881152,0.257478275401,1
-0.0879281688105,-0.0105042016807,-0.0105042016807,-0.0862717245989,1
-0.101441682324,-0.0513205282113,-0.0513205282113,-0.211271724599,1
-0.101441682324,0.0915366146459,0.0915366146459,0.309561608734,1
-0.074414655297,-0.0105042016807,-0.0105042016807,-0.117521724599,0
-0.074414655297,0.0711284513806,0.0711284513806,0.122061608734,1
-0.074414655297,-0.0105042016807,-0.0105042016807,-0.117521724599,1
-0.074414655297,0.0507202881152,0.0507202881152,0.0595616087344,0
-0.101441682324,0.132352941176,0.132352941176,0.497061608734,1
0.0201799392976,0.37725090036,0.37725090036,0.309561608734,1
-0.101441682324,0.0303121248499,0.0303121248499,0.122061608734,0
-0.074414655297,0.111944777911,0.111944777911,0.278311608734,1
-0.114955195838,0.0303121248499,0.0303121248499,0.236644942068,1
-0.101441682324,0.111944777911,0.111944777911,0.465811608734,0
-0.101441682324,-0.0513205282113,-0.0513205282113,-0.190438391266,0
-0.074414655297,-0.0105042016807,-0.0105042016807,-0.0862717245989,0
-0.101441682324,0.00990396158463,0.00990396158463,0.0699782754011,0
-0.101441682324,-0.0105042016807,-0.0105042016807,-0.0133550579323,0
-0.101441682324,-0.030912364946,-0.030912364946,-0.0862717245989,1
-0.101441682324,-0.0105042016807,-0.0105042016807,-0.0029383912656,1
-0.074414655297,0.0507202881152,0.0507202881152,0.122061608734,0
-0.101441682324,-0.030912364946,-0.030912364946,-0.0862717245989,1
-0.074414655297,0.0507202881152,0.0507202881152,0.142894942068,0
-0.101441682324,-0.0717286914766,-0.0717286914766,-0.252938391266,0
-0.074414655297,-0.0105042016807,-0.0105042016807,-0.0654383912656,1
-0.101441682324,0.132352941176,0.132352941176,0.632478275401,1
-0.101441682324,-0.0717286914766,-0.0717286914766,-0.252938391266,1
-0.074414655297,0.00990396158463,0.00990396158463,0.00747827540107,1
-0.101441682324,0.111944777911,0.111944777911,0.559561608734,1
-0.101441682324,-0.0513205282113,-0.0513205282113,-0.159188391266,1
-0.101441682324,-0.0105042016807,-0.0105042016807,0.0283116087344,1
-0.101441682324,0.132352941176,0.132352941176,0.663728275401,1
-0.00684708772944,-0.0105042016807,-0.0105042016807,-0.159188391266,1
-0.101441682324,-0.0717286914766,-0.0717286914766,-0.242521724599,1
-0.101441682324,0.0711284513806,0.0711284513806,0.413728275401,1
-0.0609011417835,0.173169267707,0.173169267707,0.538728275401,1
-0.074414655297,-0.0513205282113,-0.0513205282113,-0.190438391266,1
-0.074414655297,-0.0513205282113,-0.0513205282113,-0.190438391266,1
-0.074414655297,-0.0717286914766,-0.0717286914766,-0.263355057932,0
-0.074414655297,-0.0513205282113,-0.0513205282113,-0.190438391266,0
-0.04738762827,-0.0513205282113,-0.0513205282113,-0.211271724599,1
-0.101441682324,-0.0717286914766,-0.0717286914766,-0.242521724599,1
-0.101441682324,-0.0717286914766,-0.0717286914766,-0.242521724599,0
-0.101441682324,-0.0717286914766,-0.0717286914766,-0.242521724599,1
-0.101441682324,0.0303121248499,0.0303121248499,0.247061608734,0
-0.074414655297,0.00990396158463,0.00990396158463,0.0491449420677,1
-0.074414655297,0.111944777911,0.111944777911,0.455394942068,1
-0.101441682324,-0.0921368547419,-0.0921368547419,-0.336271724599,0
-0.101441682324,-0.0921368547419,-0.0921368547419,-0.336271724599,1
-0.101441682324,-0.0921368547419,-0.0921368547419,-0.336271724599,1
-0.101441682324,-0.0921368547419,-0.0921368547419,-0.336271724599,1
-0.101441682324,-0.0921368547419,-0.0921368547419,-0.336271724599,1
-0.101441682324,-0.0921368547419,-0.0921368547419,-0.336271724599,1
-0.101441682324,-0.0921368547419,-0.0921368547419,-0.336271724599,1
-0.101441682324,-0.0921368547419,-0.0921368547419,-0.336271724599,1
-0.101441682324,-0.0921368547419,-0.0921368547419,-0.336271724599,1
-0.101441682324,-0.0921368547419,-0.0921368547419,-0.336271724599,1
-0.101441682324,-0.0921368547419,-0.0921368547419,-0.336271724599,0
-0.101441682324,-0.0921368547419,-0.0921368547419,-0.336271724599,0
-0.101441682324,-0.0921368547419,-0.0921368547419,-0.336271724599,0
-0.101441682324,-0.0921368547419,-0.0921368547419,-0.336271724599,1
-0.101441682324,-0.0921368547419,-0.0921368547419,-0.336271724599,1
-0.101441682324,-0.0921368547419,-0.0921368547419,-0.336271724599,1
-0.101441682324,-0.0921368547419,-0.0921368547419,-0.336271724599,1
-0.101441682324,-0.0921368547419,-0.0921368547419,-0.336271724599,1
-0.101441682324,-0.0921368547419,-0.0921368547419,-0.336271724599,1
-0.101441682324,-0.0921368547419,-0.0921368547419,-0.336271724599,1
-0.101441682324,-0.0921368547419,-0.0921368547419,-0.336271724599,1
-0.101441682324,-0.0921368547419,-0.0921368547419,-0.336271724599,1
0.0201799392976,0.0915366146459,0.0915366146459,0.00747827540107,1
0.0201799392976,-0.030912364946,-0.030912364946,-0.190438391266,0
-0.074414655297,-0.0105042016807,-0.0105042016807,-0.0133550579323,0
-0.074414655297,0.00990396158463,0.00990396158463,0.0699782754011,0
-0.101441682324,-0.0513205282113,-0.0513205282113,-0.127938391266,1
-0.074414655297,-0.030912364946,-0.030912364946,-0.0862717245989,0
0.00666642578407,-0.030912364946,-0.030912364946,-0.190438391266,1
-0.101441682324,-0.030912364946,-0.030912364946,0.00747827540107,1
-0.074414655297,0.132352941176,0.132352941176,0.559561608734,1
0.0472069663246,0.0507202881152,0.0507202881152,-0.0862717245989,1
0.0201799392976,0.0711284513806,0.0711284513806,-0.0133550579323,1
-0.074414655297,-0.0105042016807,-0.0105042016807,-0.0029383912656,1
-0.074414655297,-0.030912364946,-0.030912364946,-0.0862717245989,1
-0.020360601243,0.193577430972,0.193577430972,0.444978275401,1
-0.074414655297,-0.0105042016807,-0.0105042016807,0.00747827540107,0
-0.074414655297,0.0303121248499,0.0303121248499,0.184561608734,1
-0.074414655297,0.0303121248499,0.0303121248499,0.184561608734,1
-0.101441682324,-0.030912364946,-0.030912364946,0.00747827540107,1
0.0201799392976,0.111944777911,0.111944777911,0.0803949420677,1
-0.101441682324,-0.0717286914766,-0.0717286914766,-0.211271724599,1
-0.101441682324,-0.0105042016807,-0.0105042016807,0.132478275401,0
-0.00684708772944,0.0507202881152,0.0507202881152,0.0387282754011,0
-0.074414655297,0.00990396158463,0.00990396158463,0.132478275401,1
0.0201799392976,0.0303121248499,0.0303121248499,-0.0550217245989,1
-0.00684708772944,0.0711284513806,0.0711284513806,0.111644942068,1
-0.074414655297,0.00990396158463,0.00990396158463,0.184561608734,1
-0.074414655297,0.0303121248499,0.0303121248499,0.247061608734,1
-0.04738762827,-0.0717286914766,-0.0717286914766,-0.242521724599,0
-0.074414655297,0.0303121248499,0.0303121248499,0.247061608734,1
0.0201799392976,0.0711284513806,0.0711284513806,0.0387282754011,1
0.0201799392976,0.00990396158463,0.00990396158463,-0.0862717245989,1
-0.101441682324,-0.0717286914766,-0.0717286914766,-0.190438391266,1
-0.101441682324,0.0303121248499,0.0303121248499,0.434561608734,1
0.0201799392976,0.00990396158463,0.00990396158463,-0.0758550579323,1
0.0201799392976,-0.0513205282113,-0.0513205282113,-0.211271724599,1
-0.074414655297,-0.0921368547419,-0.0921368547419,-0.315438391266,1
-0.074414655297,-0.0921368547419,-0.0921368547419,-0.315438391266,1
-0.074414655297,-0.0921368547419,-0.0921368547419,-0.315438391266,1
-0.074414655297,-0.0921368547419,-0.0921368547419,-0.315438391266,1
-0.074414655297,-0.0921368547419,-0.0921368547419,-0.315438391266,1
-0.074414655297,-0.0921368547419,-0.0921368547419,-0.315438391266,0
-0.074414655297,-0.0921368547419,-0.0921368547419,-0.315438391266,1
-0.074414655297,-0.0921368547419,-0.0921368547419,-0.315438391266,1
-0.074414655297,-0.0921368547419,-0.0921368547419,-0.315438391266,1
-0.074414655297,-0.0921368547419,-0.0921368547419,-0.315438391266,1
-0.074414655297,-0.0921368547419,-0.0921368547419,-0.315438391266,1
-0.074414655297,-0.0921368547419,-0.0921368547419,-0.315438391266,0
-0.074414655297,-0.0921368547419,-0.0921368547419,-0.315438391266,0
-0.074414655297,-0.0921368547419,-0.0921368547419,-0.315438391266,1
-0.074414655297,-0.0921368547419,-0.0921368547419,-0.315438391266,0
-0.074414655297,-0.0921368547419,-0.0921368547419,-0.315438391266,0
-0.074414655297,-0.0921368547419,-0.0921368547419,-0.315438391266,1
-0.074414655297,-0.0513205282113,-0.0513205282113,-0.107105057932,1
-0.074414655297,-0.0921368547419,-0.0921368547419,-0.315438391266,1
-0.074414655297,-0.0921368547419,-0.0921368547419,-0.315438391266,1
-0.074414655297,-0.0921368547419,-0.0921368547419,-0.315438391266,1
-0.074414655297,-0.0921368547419,-0.0921368547419,-0.315438391266,0
-0.074414655297,-0.0921368547419,-0.0921368547419,-0.315438391266,1
0.00666642578407,0.0507202881152,0.0507202881152,0.0491449420677,1
0.0607204798381,0.0303121248499,0.0303121248499,-0.0862717245989,1
-0.020360601243,0.0915366146459,0.0915366146459,0.299144942068,1
0.0201799392976,-0.0513205282113,-0.0513205282113,-0.200855057932,1
-0.074414655297,-0.0717286914766,-0.0717286914766,-0.211271724599,1
-0.101441682324,-0.030912364946,-0.030912364946,0.0908116087344,1
-0.020360601243,0.0711284513806,0.0711284513806,0.247061608734,1
-0.020360601243,0.0507202881152,0.0507202881152,0.184561608734,0
0.0201799392976,0.33643457383,0.33643457383,0.663728275401,1
-0.074414655297,-0.0513205282113,-0.0513205282113,-0.0966883912656,0
0.0201799392976,0.234393757503,0.234393757503,0.465811608734,0
-0.00684708772944,-0.0717286914766,-0.0717286914766,-0.242521724599,1
-0.074414655297,-0.0105042016807,-0.0105042016807,0.122061608734,1
0.0201799392976,0.132352941176,0.132352941176,0.247061608734,1
-0.0338741147565,0.132352941176,0.132352941176,0.538728275401,1
0.0201799392976,-0.0717286914766,-0.0717286914766,-0.242521724599,1
0.0201799392976,-0.0717286914766,-0.0717286914766,-0.242521724599,1
0.0201799392976,-0.0717286914766,-0.0717286914766,-0.242521724599,1
-0.101441682324,0.00990396158463,0.00990396158463,0.424144942068,1
0.0201799392976,0.0507202881152,0.0507202881152,0.0699782754011,0
0.0201799392976,-0.0513205282113,-0.0513205282113,-0.190438391266,0
0.0336934528111,0.152761104442,0.152761104442,0.257478275401,1
-0.101441682324,-0.0513205282113,-0.0513205282113,0.00747827540107,1
0.0877475068652,0.0507202881152,0.0507202881152,-0.0654383912656,1
0.0201799392976,0.0303121248499,0.0303121248499,0.0283116087344,1
-0.074414655297,-0.0513205282113,-0.0513205282113,-0.0654383912656,1
0.0336934528111,0.132352941176,0.132352941176,0.247061608734,1
-0.074414655297,-0.030912364946,-0.030912364946,0.0699782754011,1
0.0201799392976,0.173169267707,0.173169267707,0.403311608734,0
-0.101441682324,-0.0717286914766,-0.0717286914766,-0.117521724599,1
-0.101441682324,-0.0513205282113,-0.0513205282113,0.0387282754011,0
-0.074414655297,-0.0105042016807,-0.0105042016807,0.247061608734,1
-0.074414655297,-0.030912364946,-0.030912364946,0.0908116087344,0
-0.0879281688105,-0.0717286914766,-0.0717286914766,-0.117521724599,1
0.0201799392976,0.0507202881152,0.0507202881152,0.122061608734,1
-0.074414655297,0.0303121248499,0.0303121248499,0.497061608734,1
0.0472069663246,-0.030912364946,-0.030912364946,-0.138355057932,1
0.0877475068652,0.111944777911,0.111944777911,0.0595616087344,1
0.0877475068652,0.0303121248499,0.0303121248499,-0.0654383912656,1
-0.0338741147565,-0.0717286914766,-0.0717286914766,-0.190438391266,1
-0.074414655297,-0.0105042016807,-0.0105042016807,0.247061608734,1
-0.074414655297,-0.0105042016807,-0.0105042016807,0.247061608734,1
-0.074414655297,-0.030912364946,-0.030912364946,0.122061608734,1
0.0607204798381,0.152761104442,0.152761104442,0.236644942068,1
-0.074414655297,-0.0513205282113,-0.0513205282113,-0.0029383912656,1
0.0607204798381,0.254801920768,0.254801920768,0.455394942068,1
0.0201799392976,0.0507202881152,0.0507202881152,0.142894942068,1
0.0607204798381,0.213985594238,0.213985594238,0.372061608734,1
0.0607204798381,-0.030912364946,-0.030912364946,-0.127938391266,0
0.0607204798381,-0.0105042016807,-0.0105042016807,-0.0862717245989,1
-0.020360601243,-0.0717286914766,-0.0717286914766,-0.190438391266,1
0.0201799392976,-0.0105042016807,-0.0105042016807,-0.0133550579323,1
0.0201799392976,-0.0717286914766,-0.0717286914766,-0.211271724599,1
-0.074414655297,-0.0717286914766,-0.0717286914766,-0.117521724599,1
-0.00684708772944,-0.0717286914766,-0.0717286914766,-0.190438391266,0
0.0607204798381,-0.0105042016807,-0.0105042016807,-0.0654383912656,0
0.0607204798381,-0.0513205282113,-0.0513205282113,-0.159188391266,0
0.0607204798381,-0.030912364946,-0.030912364946,-0.117521724599,0
0.0877475068652,0.132352941176,0.132352941176,0.163728275401,1
0.0201799392976,-0.030912364946,-0.030912364946,-0.0654383912656,1
0.0201799392976,-0.0105042016807,-0.0105042016807,0.00747827540107,1
0.0201799392976,-0.0105042016807,-0.0105042016807,0.00747827540107,1
-0.101441682324,-0.030912364946,-0.030912364946,0.372061608734,1
0.0607204798381,-0.0105042016807,-0.0105042016807,-0.0654383912656,1
0.0607204798381,-0.0717286914766,-0.0717286914766,-0.211271724599,1
0.0607204798381,-0.0717286914766,-0.0717286914766,-0.211271724599,1
0.0607204798381,-0.0717286914766,-0.0717286914766,-0.211271724599,1
0.0607204798381,-0.0717286914766,-0.0717286914766,-0.211271724599,1
0.0607204798381,-0.0717286914766,-0.0717286914766,-0.211271724599,1
0.0607204798381,-0.0717286914766,-0.0717286914766,-0.211271724599,1
-0.101441682324,-0.0513205282113,-0.0513205282113,0.184561608734,1
0.0607204798381,0.00990396158463,0.00990396158463,-0.0029383912656,1
0.0201799392976,-0.0105042016807,-0.0105042016807,0.0283116087344,0
-0.074414655297,-0.0105042016807,-0.0105042016807,0.413728275401,1
0.0201799392976,-0.0513205282113,-0.0513205282113,-0.117521724599,1
0.0877475068652,-0.030912364946,-0.030912364946,-0.117521724599,1
0.0877475068652,-0.0513205282113,-0.0513205282113,-0.159188391266,1
0.0201799392976,-0.0105042016807,-0.0105042016807,0.0387282754011,1
0.0201799392976,-0.0717286914766,-0.0717286914766,-0.190438391266,1
0.0336934528111,0.0711284513806,0.0711284513806,0.267894942068,1
-0.00684708772944,-0.0921368547419,-0.0921368547419,-0.263355057932,1
-0.00684708772944,-0.0921368547419,-0.0921368547419,-0.263355057932,1
-0.074414655297,-0.0717286914766,-0.0717286914766,-0.0550217245989,1
0.0201799392976,-0.0717286914766,-0.0717286914766,-0.180021724599,1
0.0607204798381,-0.030912364946,-0.030912364946,-0.0862717245989,1
0.0201799392976,0.0711284513806,0.0711284513806,0.392894942068,0
0.0201799392976,-0.0105042016807,-0.0105042016807,0.0699782754011,1
0.0742339933516,0.213985594238,0.213985594238,0.497061608734,1
-0.00684708772944,-0.0105042016807,-0.0105042016807,0.174144942068,0
0.0201799392976,-0.030912364946,-0.030912364946,-0.0029383912656,1
0.0607204798381,0.0507202881152,0.0507202881152,0.163728275401,0
0.0877475068652,0.0303121248499,0.0303121248499,0.0387282754011,1
0.0607204798381,-0.0717286914766,-0.0717286914766,-0.190438391266,1
-0.101441682324,-0.0717286914766,-0.0717286914766,0.0699782754011,1
0.0607204798381,0.213985594238,0.213985594238,0.663728275401,1
0.0607204798381,-0.030912364946,-0.030912364946,-0.0654383912656,0
0.0877475068652,0.0303121248499,0.0303121248499,0.0491449420677,1
0.0607204798381,0.0303121248499,0.0303121248499,0.132478275401,1
0.0877475068652,0.00990396158463,0.00990396158463,0.00747827540107,1
0.0877475068652,0.00990396158463,0.00990396158463,0.00747827540107,0
0.0201799392976,0.0303121248499,0.0303121248499,0.288728275401,0
0.0877475068652,-0.0717286914766,-0.0717286914766,-0.190438391266,1
0.0877475068652,-0.0513205282113,-0.0513205282113,-0.138355057932,0
0.0201799392976,-0.0513205282113,-0.0513205282113,-0.0654383912656,1
0.0201799392976,0.0303121248499,0.0303121248499,0.309561608734,1
0.0201799392976,-0.0921368547419,-0.0921368547419,-0.242521724599,0
-0.00684708772944,-0.0513205282113,-0.0513205282113,-0.0029383912656,1
0.0607204798381,-0.030912364946,-0.030912364946,-0.0446050579323,1
0.18234210146,0.662965186074,0.662965186074,0.663728275401,1
0.0201799392976,0.00990396158463,0.00990396158463,0.247061608734,1
0.0201799392976,-0.0921368547419,-0.0921368547419,-0.242521724599,1
0.0201799392976,-0.0921368547419,-0.0921368547419,-0.242521724599,1
0.0201799392976,-0.0921368547419,-0.0921368547419,-0.242521724599,1
0.0201799392976,-0.0921368547419,-0.0921368547419,-0.242521724599,1
0.0201799392976,-0.0921368547419,-0.0921368547419,-0.242521724599,1
0.0201799392976,-0.0921368547419,-0.0921368547419,-0.242521724599,1
0.0201799392976,-0.0921368547419,-0.0921368547419,-0.242521724599,1
0.0201799392976,-0.0921368547419,-0.0921368547419,-0.242521724599,1
0.0201799392976,-0.0717286914766,-0.0717286914766,-0.138355057932,1
0.0201799392976,-0.0105042016807,-0.0105042016807,0.163728275401,1
0.0201799392976,-0.0717286914766,-0.0717286914766,-0.138355057932,1
0.0877475068652,-0.030912364946,-0.030912364946,-0.0654383912656,1
-0.074414655297,-0.0717286914766,-0.0717286914766,0.0699782754011,1
0.0877475068652,0.00990396158463,0.00990396158463,0.0595616087344,1
0.0607204798381,-0.0513205282113,-0.0513205282113,-0.0862717245989,1
-0.00684708772944,-0.0717286914766,-0.0717286914766,-0.0862717245989,1
0.155315074433,0.213985594238,0.213985594238,0.309561608734,1
0.0607204798381,0.00990396158463,0.00990396158463,0.174144942068,1
0.0201799392976,-0.0717286914766,-0.0717286914766,-0.107105057932,1
-0.074414655297,-0.0513205282113,-0.0513205282113,0.382478275401,1
0.155315074433,0.152761104442,0.152761104442,0.236644942068,1
0.0201799392976,0.00990396158463,0.00990396158463,0.382478275401,1
0.0607204798381,-0.0717286914766,-0.0717286914766,-0.138355057932,0
0.18234210146,0.193577430972,0.193577430972,0.236644942068,1
0.0607204798381,-0.030912364946,-0.030912364946,0.0387282754011,1
0.0201799392976,-0.0717286914766,-0.0717286914766,-0.0862717245989,1
0.0877475068652,-0.0105042016807,-0.0105042016807,0.0595616087344,0
-0.074414655297,-0.0717286914766,-0.0717286914766,0.174144942068,0
0.0607204798381,-0.0513205282113,-0.0513205282113,-0.0341883912656,1
-0.074414655297,-0.0717286914766,-0.0717286914766,0.184561608734,1
-0.00684708772944,-0.030912364946,-0.030912364946,0.319978275401,1
0.0607204798381,-0.030912364946,-0.030912364946,0.0595616087344,1
0.0201799392976,-0.0513205282113,-0.0513205282113,0.0595616087344,0
0.0607204798381,-0.0105042016807,-0.0105042016807,0.163728275401,1
0.0607204798381,-0.0921368547419,-0.0921368547419,-0.211271724599,1
0.0607204798381,-0.0921368547419,-0.0921368547419,-0.211271724599,1
0.0607204798381,-0.0921368547419,-0.0921368547419,-0.211271724599,1
0.0607204798381,-0.0921368547419,-0.0921368547419,-0.211271724599,1
0.0607204798381,-0.0921368547419,-0.0921368547419,-0.211271724599,1
0.0607204798381,-0.0921368547419,-0.0921368547419,-0.211271724599,1
0.0607204798381,-0.0921368547419,-0.0921368547419,-0.211271724599,1
0.0607204798381,-0.0921368547419,-0.0921368547419,-0.211271724599,1
0.0607204798381,0.0303121248499,0.0303121248499,0.392894942068,1
0.0607204798381,-0.0921368547419,-0.0921368547419,-0.211271724599,1
0.0607204798381,-0.0921368547419,-0.0921368547419,-0.211271724599,1
-0.00684708772944,-0.0513205282113,-0.0513205282113,0.184561608734,1
0.0607204798381,0.0303121248499,0.0303121248499,0.403311608734,1
0.0201799392976,-0.030912364946,-0.030912364946,0.247061608734,1
0.0201799392976,-0.030912364946,-0.030912364946,0.257478275401,1
-0.074414655297,-0.0717286914766,-0.0717286914766,0.257478275401,1
0.0201799392976,-0.030912364946,-0.030912364946,0.278311608734,1
0.0877475068652,-0.030912364946,-0.030912364946,0.0595616087344,1
0.0877475068652,0.0915366146459,0.0915366146459,0.569978275401,1
0.155315074433,-0.0717286914766,-0.0717286914766,-0.138355057932,0
0.155315074433,-0.0513205282113,-0.0513205282113,-0.0862717245989,1
0.0877475068652,0.0507202881152,0.0507202881152,0.434561608734,1
0.155315074433,-0.0513205282113,-0.0513205282113,-0.0862717245989,0
0.114774533892,-0.0717286914766,-0.0717286914766,-0.117521724599,1
0.18234210146,-0.0105042016807,-0.0105042016807,-0.0133550579323,1
0.18234210146,0.0507202881152,0.0507202881152,0.122061608734,1
0.0877475068652,-0.0513205282113,-0.0513205282113,-0.0029383912656,1
0.0607204798381,-0.0105042016807,-0.0105042016807,0.309561608734,1
0.0607204798381,-0.0513205282113,-0.0513205282113,0.0699782754011,1
0.0877475068652,-0.0921368547419,-0.0921368547419,-0.190438391266,1
0.0877475068652,-0.0921368547419,-0.0921368547419,-0.190438391266,1
0.0877475068652,-0.0921368547419,-0.0921368547419,-0.190438391266,1
0.0877475068652,-0.0921368547419,-0.0921368547419,-0.190438391266,1
0.0877475068652,-0.0921368547419,-0.0921368547419,-0.190438391266,1
0.0877475068652,-0.0921368547419,-0.0921368547419,-0.190438391266,1
0.0877475068652,-0.0921368547419,-0.0921368547419,-0.190438391266,1
0.0877475068652,-0.030912364946,-0.030912364946,0.111644942068,1
0.0877475068652,-0.0921368547419,-0.0921368547419,-0.190438391266,1
0.0877475068652,-0.0921368547419,-0.0921368547419,-0.190438391266,1
0.0877475068652,-0.0921368547419,-0.0921368547419,-0.190438391266,1
0.0877475068652,-0.0921368547419,-0.0921368547419,-0.190438391266,1
0.0877475068652,-0.0921368547419,-0.0921368547419,-0.190438391266,1
0.0877475068652,-0.0717286914766,-0.0717286914766,-0.0862717245989,1
0.155315074433,-0.0717286914766,-0.0717286914766,-0.117521724599,1
0.0877475068652,-0.0717286914766,-0.0717286914766,-0.0758550579323,1
0.155315074433,-0.0717286914766,-0.0717286914766,-0.117521724599,1
0.155315074433,-0.0717286914766,-0.0717286914766,-0.117521724599,1
0.0607204798381,-0.030912364946,-0.030912364946,0.236644942068,1
0.0877475068652,-0.0105042016807,-0.0105042016807,0.267894942068,1
0.18234210146,-0.0717286914766,-0.0717286914766,-0.117521724599,1
0.0607204798381,-0.0105042016807,-0.0105042016807,0.413728275401,1
0.18234210146,-0.0513205282113,-0.0513205282113,-0.0654383912656,1
0.0877475068652,-0.0513205282113,-0.0513205282113,0.0595616087344,1
-0.00684708772944,-0.0717286914766,-0.0717286914766,0.184561608734,1
-0.00684708772944,-0.0717286914766,-0.0717286914766,0.184561608734,1
0.0877475068652,0.0303121248499,0.0303121248499,0.549144942068,0
0.0607204798381,-0.030912364946,-0.030912364946,0.309561608734,1
0.0607204798381,-0.0717286914766,-0.0717286914766,0.00747827540107,1
0.0877475068652,0.0303121248499,0.0303121248499,0.611644942068,1
0.155315074433,-0.0717286914766,-0.0717286914766,-0.0966883912656,1
0.0607204798381,-0.0513205282113,-0.0513205282113,0.184561608734,1
0.18234210146,0.173169267707,0.173169267707,0.611644942068,1
0.114774533892,0.0507202881152,0.0507202881152,0.632478275401,1
0.0877475068652,-0.0513205282113,-0.0513205282113,0.122061608734,1
0.0201799392976,-0.0513205282113,-0.0513205282113,0.434561608734,1
0.0201799392976,-0.0717286914766,-0.0717286914766,0.184561608734,1
0.0201799392976,-0.0513205282113,-0.0513205282113,0.434561608734,1
0.18234210146,0.132352941176,0.132352941176,0.538728275401,1
0.155315074433,-0.0513205282113,-0.0513205282113,0.00747827540107,1
0.18234210146,-0.0717286914766,-0.0717286914766,-0.0862717245989,1
0.18234210146,-0.0717286914766,-0.0717286914766,-0.0862717245989,1
0.18234210146,0.0507202881152,0.0507202881152,0.309561608734,1
0.0877475068652,-0.0513205282113,-0.0513205282113,0.163728275401,1
0.18234210146,-0.0513205282113,-0.0513205282113,-0.0133550579323,1
0.155315074433,-0.0513205282113,-0.0513205282113,0.0387282754011,1
0.18234210146,-0.0717286914766,-0.0717286914766,-0.0654383912656,1
0.155315074433,-0.0921368547419,-0.0921368547419,-0.138355057932,1
0.155315074433,-0.0921368547419,-0.0921368547419,-0.138355057932,1
0.155315074433,-0.0921368547419,-0.0921368547419,-0.138355057932,1
0.155315074433,-0.0921368547419,-0.0921368547419,-0.138355057932,1
0.155315074433,-0.0921368547419,-0.0921368547419,-0.138355057932,1
0.155315074433,-0.0921368547419,-0.0921368547419,-0.138355057932,1
0.155315074433,-0.0921368547419,-0.0921368547419,-0.138355057932,1
0.155315074433,-0.0921368547419,-0.0921368547419,-0.138355057932,1
0.155315074433,-0.0921368547419,-0.0921368547419,-0.138355057932,1
0.155315074433,-0.0921368547419,-0.0921368547419,-0.138355057932,0
0.155315074433,-0.0921368547419,-0.0921368547419,-0.138355057932,1
0.155315074433,-0.0921368547419,-0.0921368547419,-0.138355057932,1
0.155315074433,-0.0105042016807,-0.0105042016807,0.267894942068,1
0.18234210146,-0.030912364946,-0.030912364946,0.111644942068,1
0.155315074433,-0.030912364946,-0.030912364946,0.184561608734,1
0.168828587946,-0.0921368547419,-0.0921368547419,-0.127938391266,0
0.0201799392976,-0.0717286914766,-0.0717286914766,0.372061608734,1
0.18234210146,-0.0105042016807,-0.0105042016807,0.247061608734,1
0.18234210146,-0.0513205282113,-0.0513205282113,0.0595616087344,1
0.18234210146,-0.0513205282113,-0.0513205282113,0.0699782754011,1
0.0607204798381,-0.0513205282113,-0.0513205282113,0.507478275401,1
0.155315074433,-0.0717286914766,-0.0717286914766,0.00747827540107,1
0.222882642,-0.0105042016807,-0.0105042016807,0.153311608734,0
0.18234210146,0.00990396158463,0.00990396158463,0.372061608734,1
0.18234210146,-0.0921368547419,-0.0921368547419,-0.117521724599,1
0.18234210146,-0.0921368547419,-0.0921368547419,-0.117521724599,1
0.18234210146,-0.0921368547419,-0.0921368547419,-0.117521724599,1
0.18234210146,-0.0921368547419,-0.0921368547419,-0.117521724599,1
0.18234210146,-0.0921368547419,-0.0921368547419,-0.117521724599,1
0.18234210146,-0.0921368547419,-0.0921368547419,-0.117521724599,1
0.18234210146,-0.0921368547419,-0.0921368547419,-0.117521724599,1
0.18234210146,-0.0921368547419,-0.0921368547419,-0.117521724599,1
0.18234210146,-0.030912364946,-0.030912364946,0.194978275401,1
0.155315074433,0.00990396158463,0.00990396158463,0.538728275401,1
0.18234210146,-0.0513205282113,-0.0513205282113,0.142894942068,1
0.155315074433,-0.0717286914766,-0.0717286914766,0.0699782754011,1
0.155315074433,-0.0513205282113,-0.0513205282113,0.309561608734,1
0.0877475068652,-0.0717286914766,-0.0717286914766,0.372061608734,1
0.155315074433,-0.0513205282113,-0.0513205282113,0.372061608734,1
0.18234210146,-0.030912364946,-0.030912364946,0.549144942068,1
0.18234210146,-0.0513205282113,-0.0513205282113,0.569978275401,1
0.18234210146,-0.0717286914766,-0.0717286914766,0.549144942068,1
0.344504263622,-0.0513205282113,-0.0513205282113,0.309561608734,1
0.385044804162,-0.0921368547419,-0.0921368547419,0.0387282754011,1
0.385044804162,-0.0921368547419,-0.0921368547419,0.0387282754011,1
0.412071831189,-0.0921368547419,-0.0921368547419,0.0595616087344,1
0.871531290649,-0.0921368547419,-0.0921368547419,0.413728275401,1
-0.101441682324,0.765006002401,0.765006002401,0.538728275401,0
-0.04738762827,0.33643457383,0.33643457383,-0.0654383912656,0
-0.101441682324,0.581332533013,0.581332533013,0.444978275401,0
-0.101441682324,0.785414165666,0.785414165666,0.663728275401,1
-0.128468709351,0.418067226891,0.418067226891,0.434561608734,0
-0.101441682324,0.72418967587,0.72418967587,0.663728275401,0
-0.0879281688105,0.316026410564,0.316026410564,0.0803949420677,0
-0.101441682324,0.111944777911,0.111944777911,-0.117521724599,1
-0.101441682324,0.316026410564,0.316026410564,0.184561608734,0
-0.101441682324,0.152761104442,0.152761104442,-0.0237717245989,0
-0.074414655297,-0.030912364946,-0.030912364946,-0.315438391266,0
-0.101441682324,0.111944777911,0.111944777911,-0.0862717245989,1
-0.101441682324,0.111944777911,0.111944777911,-0.0654383912656,1
-0.0879281688105,0.173169267707,0.173169267707,0.00747827540107,1
-0.074414655297,0.213985594238,0.213985594238,0.0387282754011,0
-0.074414655297,0.00990396158463,0.00990396158463,-0.211271724599,1
-0.0879281688105,-0.0105042016807,-0.0105042016807,-0.232105057932,0
-0.074414655297,0.560924369748,0.560924369748,0.663728275401,0
-0.0879281688105,0.0915366146459,0.0915366146459,-0.0133550579323,0
-0.074414655297,0.0915366146459,0.0915366146459,-0.0654383912656,0
-0.101441682324,0.111944777911,0.111944777911,0.0595616087344,0
-0.101441682324,0.111944777911,0.111944777911,0.0699782754011,0
-0.074414655297,0.152761104442,0.152761104442,0.0491449420677,0
-0.114955195838,0.0915366146459,0.0915366146459,0.0908116087344,0
-0.074414655297,0.0711284513806,0.0711284513806,-0.0654383912656,1
-0.101441682324,-0.030912364946,-0.030912364946,-0.242521724599,1
-0.101441682324,-0.0105042016807,-0.0105042016807,-0.190438391266,0
-0.101441682324,0.193577430972,0.193577430972,0.309561608734,1
-0.0609011417835,0.37725090036,0.37725090036,0.465811608734,1
-0.101441682324,0.00990396158463,0.00990396158463,-0.127938391266,0
-0.074414655297,-0.0105042016807,-0.0105042016807,-0.190438391266,0
-0.101441682324,-0.030912364946,-0.030912364946,-0.211271724599,0
-0.074414655297,0.0507202881152,0.0507202881152,-0.0654383912656,1
-0.101441682324,-0.030912364946,-0.030912364946,-0.211271724599,1
-0.101441682324,0.00990396158463,0.00990396158463,-0.0862717245989,1
-0.074414655297,-0.0105042016807,-0.0105042016807,-0.190438391266,0
-0.101441682324,0.0303121248499,0.0303121248499,-0.0237717245989,0
-0.101441682324,0.00990396158463,0.00990396158463,-0.0862717245989,0
-0.101441682324,0.0507202881152,0.0507202881152,0.0387282754011,0
-0.101441682324,-0.0717286914766,-0.0717286914766,-0.315438391266,0
-0.101441682324,0.00990396158463,0.00990396158463,-0.0654383912656,0
-0.101441682324,0.0915366146459,0.0915366146459,0.184561608734,1
-0.074414655297,0.213985594238,0.213985594238,0.372061608734,0
-0.074414655297,-0.0717286914766,-0.0717286914766,-0.315438391266,0
-0.114955195838,0.173169267707,0.173169267707,0.632478275401,1
-0.074414655297,-0.0717286914766,-0.0717286914766,-0.315438391266,0
-0.0338741147565,0.173169267707,0.173169267707,0.142894942068,1
-0.101441682324,-0.0513205282113,-0.0513205282113,-0.242521724599,1
-0.101441682324,0.132352941176,0.132352941176,0.372061608734,0
-0.074414655297,0.0303121248499,0.0303121248499,-0.0237717245989,0
-0.074414655297,-0.030912364946,-0.030912364946,-0.190438391266,1
-0.101441682324,0.00990396158463,0.00990396158463,0.00747827540107,0
-0.074414655297,0.00990396158463,0.00990396158463,-0.0654383912656,0
-0.101441682324,-0.0513205282113,-0.0513205282113,-0.211271724599,1
-0.101441682324,-0.030912364946,-0.030912364946,-0.117521724599,1
-0.074414655297,-0.030912364946,-0.030912364946,-0.169605057932,1
-0.0609011417835,0.00990396158463,0.00990396158463,-0.0654383912656,1
-0.074414655297,0.00990396158463,0.00990396158463,-0.0446050579323,1
0.0607204798381,-0.0105042016807,-0.0105042016807,-0.211271724599,1
-0.0879281688105,0.0507202881152,0.0507202881152,0.163728275401,1
-0.074414655297,0.111944777911,0.111944777911,0.309561608734,0
-0.074414655297,0.0711284513806,0.0711284513806,0.184561608734,1
-0.074414655297,0.213985594238,0.213985594238,0.663728275401,0
-0.0338741147565,0.0915366146459,0.0915366146459,0.132478275401,1
-0.074414655297,0.173169267707,0.173169267707,0.538728275401,1
-0.101441682324,0.0711284513806,0.0711284513806,0.424144942068,1
-0.074414655297,0.00990396158463,0.00990396158463,0.00747827540107,1
-0.074414655297,0.0711284513806,0.0711284513806,0.215811608734,1
-0.074414655297,0.00990396158463,0.00990396158463,0.00747827540107,0
-0.101441682324,0.00990396158463,0.00990396158463,0.111644942068,1
-0.101441682324,0.00990396158463,0.00990396158463,0.132478275401,1
-0.074414655297,-0.0717286914766,-0.0717286914766,-0.263355057932,1
-0.101441682324,-0.0717286914766,-0.0717286914766,-0.242521724599,0
-0.101441682324,-0.0717286914766,-0.0717286914766,-0.242521724599,1
-0.101441682324,-0.0717286914766,-0.0717286914766,-0.242521724599,0
-0.074414655297,0.00990396158463,0.00990396158463,0.0387282754011,0
-0.0879281688105,-0.030912364946,-0.030912364946,-0.0550217245989,0
-0.00684708772944,0.0711284513806,0.0711284513806,0.0387282754011,1
0.0201799392976,-0.0105042016807,-0.0105042016807,-0.169605057932,1
-0.101441682324,-0.0513205282113,-0.0513205282113,-0.138355057932,1
-0.101441682324,-0.0921368547419,-0.0921368547419,-0.336271724599,1
-0.101441682324,-0.0921368547419,-0.0921368547419,-0.336271724599,0
-0.101441682324,-0.0921368547419,-0.0921368547419,-0.336271724599,1
-0.101441682324,-0.0921368547419,-0.0921368547419,-0.336271724599,1
-0.101441682324,-0.0921368547419,-0.0921368547419,-0.336271724599,1
-0.101441682324,-0.0921368547419,-0.0921368547419,-0.336271724599,1
-0.101441682324,-0.0921368547419,-0.0921368547419,-0.336271724599,0
-0.101441682324,-0.0921368547419,-0.0921368547419,-0.336271724599,1
-0.101441682324,-0.0921368547419,-0.0921368547419,-0.336271724599,1
-0.101441682324,-0.0921368547419,-0.0921368547419,-0.336271724599,1
-0.101441682324,-0.0921368547419,-0.0921368547419,-0.336271724599,1
0.0201799392976,0.111944777911,0.111944777911,0.0387282754011,1
-0.101441682324,-0.0513205282113,-0.0513205282113,-0.127938391266,1
-0.00684708772944,0.111944777911,0.111944777911,0.153311608734,0
-0.0609011417835,0.111944777911,0.111944777911,0.424144942068,1
-0.0879281688105,-0.0105042016807,-0.0105042016807,0.0387282754011,1
-0.0879281688105,-0.0921368547419,-0.0921368547419,-0.325855057932,0
-0.074414655297,0.00990396158463,0.00990396158463,0.0908116087344,1
-0.101441682324,-0.0513205282113,-0.0513205282113,-0.107105057932,1
0.0336934528111,0.111944777911,0.111944777911,0.0491449420677,1
-0.101441682324,-0.0717286914766,-0.0717286914766,-0.211271724599,1
-0.074414655297,0.00990396158463,0.00990396158463,0.122061608734,1
-0.00684708772944,-0.0513205282113,-0.0513205282113,-0.211271724599,1
0.0607204798381,0.0507202881152,0.0507202881152,-0.0862717245989,1
-0.074414655297,-0.0717286914766,-0.0717286914766,-0.221688391266,1
-0.074414655297,0.111944777911,0.111944777911,0.632478275401,1
-0.101441682324,0.0303121248499,0.0303121248499,0.444978275401,1
-0.101441682324,0.0303121248499,0.0303121248499,0.444978275401,1
-0.074414655297,-0.0921368547419,-0.0921368547419,-0.315438391266,1
-0.074414655297,-0.0921368547419,-0.0921368547419,-0.315438391266,1
-0.074414655297,-0.0921368547419,-0.0921368547419,-0.315438391266,1
-0.074414655297,-0.0921368547419,-0.0921368547419,-0.315438391266,1
-0.074414655297,-0.0921368547419,-0.0921368547419,-0.315438391266,0
-0.074414655297,-0.0921368547419,-0.0921368547419,-0.315438391266,1
-0.074414655297,-0.0921368547419,-0.0921368547419,-0.315438391266,1
-0.074414655297,-0.0921368547419,-0.0921368547419,-0.315438391266,1
-0.074414655297,-0.0921368547419,-0.0921368547419,-0.315438391266,1
-0.074414655297,-0.0921368547419,-0.0921368547419,-0.315438391266,1
-0.074414655297,-0.0921368547419,-0.0921368547419,-0.315438391266,0
-0.074414655297,-0.0921368547419,-0.0921368547419,-0.315438391266,1
-0.074414655297,0.0303121248499,0.0303121248499,0.288728275401,1
-0.074414655297,-0.0921368547419,-0.0921368547419,-0.315438391266,1
-0.074414655297,-0.030912364946,-0.030912364946,-0.0029383912656,0
0.0201799392976,0.00990396158463,0.00990396158463,-0.0654383912656,1
0.0472069663246,-0.0513205282113,-0.0513205282113,-0.211271724599,0
-0.0338741147565,-0.0105042016807,-0.0105042016807,0.00747827540107,1
-0.00684708772944,0.0711284513806,0.0711284513806,0.205394942068,1
0.0201799392976,-0.0717286914766,-0.0717286914766,-0.242521724599,1
-0.101441682324,-0.0105042016807,-0.0105042016807,0.299144942068,1
-0.0338741147565,0.111944777911,0.111944777911,0.569978275401,1
-0.020360601243,0.0711284513806,0.0711284513806,0.309561608734,1
-0.101441682324,-0.0717286914766,-0.0717286914766,-0.127938391266,1
-0.04738762827,-0.0513205282113,-0.0513205282113,-0.0862717245989,1
0.0336934528111,0.193577430972,0.193577430972,0.382478275401,1
0.0472069663246,-0.0513205282113,-0.0513205282113,-0.190438391266,1
0.0201799392976,0.213985594238,0.213985594238,0.569978275401,1
-0.074414655297,-0.0105042016807,-0.0105042016807,0.247061608734,1
0.0607204798381,0.0303121248499,0.0303121248499,0.00747827540107,1
0.0201799392976,-0.030912364946,-0.030912364946,-0.0758550579323,1
-0.0338741147565,0.0711284513806,0.0711284513806,0.569978275401,0
0.0201799392976,0.0507202881152,0.0507202881152,0.184561608734,0
-0.0338741147565,-0.0105042016807,-0.0105042016807,0.184561608734,1
0.0201799392976,0.00990396158463,0.00990396158463,0.0699782754011,1
0.00666642578407,-0.0105042016807,-0.0105042016807,0.0387282754011,1
0.0607204798381,-0.0717286914766,-0.0717286914766,-0.211271724599,0
0.0607204798381,-0.0717286914766,-0.0717286914766,-0.211271724599,1
0.0607204798381,-0.0717286914766,-0.0717286914766,-0.211271724599,1
-0.101441682324,-0.0717286914766,-0.0717286914766,-0.0133550579323,1
0.0201799392976,-0.0513205282113,-0.0513205282113,-0.117521724599,1
0.0607204798381,0.0507202881152,0.0507202881152,0.122061608734,1
-0.00684708772944,-0.0921368547419,-0.0921368547419,-0.263355057932,1
0.0877475068652,-0.0105042016807,-0.0105042016807,-0.0758550579323,1
0.0607204798381,-0.030912364946,-0.030912364946,-0.0862717245989,1
-0.074414655297,-0.0717286914766,-0.0717286914766,-0.0446050579323,1
0.0607204798381,-0.0513205282113,-0.0513205282113,-0.138355057932,1
0.0877475068652,0.213985594238,0.213985594238,0.444978275401,1
-0.074414655297,-0.0717286914766,-0.0717286914766,-0.0341883912656,1
0.0607204798381,0.0507202881152,0.0507202881152,0.163728275401,1
0.0201799392976,-0.0513205282113,-0.0513205282113,-0.0862717245989,1
0.0607204798381,0.0303121248499,0.0303121248499,0.111644942068,1
0.0742339933516,-0.0105042016807,-0.0105042016807,-0.0133550579323,1
0.0877475068652,-0.0717286914766,-0.0717286914766,-0.190438391266,1
0.0877475068652,-0.0513205282113,-0.0513205282113,-0.138355057932,1
0.0201799392976,0.0507202881152,0.0507202881152,0.392894942068,1
0.0201799392976,-0.0921368547419,-0.0921368547419,-0.242521724599,1
0.0201799392976,-0.0921368547419,-0.0921368547419,-0.242521724599,1
0.0201799392976,-0.0921368547419,-0.0921368547419,-0.242521724599,1
0.0201799392976,-0.0921368547419,-0.0921368547419,-0.242521724599,0
0.0201799392976,-0.0921368547419,-0.0921368547419,-0.242521724599,1
-0.101441682324,-0.0513205282113,-0.0513205282113,0.424144942068,0
-0.101441682324,-0.0513205282113,-0.0513205282113,0.444978275401,1
0.0877475068652,-0.030912364946,-0.030912364946,-0.0654383912656,1
0.0877475068652,0.193577430972,0.193577430972,0.549144942068,1
0.0877475068652,0.173169267707,0.173169267707,0.507478275401,1
0.0877475068652,0.0915366146459,0.0915366146459,0.288728275401,1
0.0877475068652,-0.0513205282113,-0.0513205282113,-0.117521724599,1
0.0607204798381,-0.0513205282113,-0.0513205282113,-0.0862717245989,1
0.18234210146,0.275210084034,0.275210084034,0.288728275401,1
0.0201799392976,0.0303121248499,0.0303121248499,0.424144942068,1
0.0607204798381,-0.0513205282113,-0.0513205282113,-0.0654383912656,1
0.141801560919,0.173169267707,0.173169267707,0.361644942068,0
-0.074414655297,-0.0717286914766,-0.0717286914766,0.122061608734,1
0.0201799392976,-0.0717286914766,-0.0717286914766,-0.0966883912656,1
0.0201799392976,-0.0513205282113,-0.0513205282113,0.0283116087344,1
0.0877475068652,-0.030912364946,-0.030912364946,-0.0133550579323,1
0.155315074433,0.0303121248499,0.0303121248499,0.0387282754011,1
0.0472069663246,0.0303121248499,0.0303121248499,0.434561608734,1
0.0877475068652,0.00990396158463,0.00990396158463,0.163728275401,1
0.0607204798381,-0.0513205282113,-0.0513205282113,-0.0133550579323,1
0.0607204798381,-0.0921368547419,-0.0921368547419,-0.211271724599,1
0.0607204798381,-0.0921368547419,-0.0921368547419,-0.211271724599,1
0.0607204798381,-0.0921368547419,-0.0921368547419,-0.211271724599,1
0.0607204798381,-0.0921368547419,-0.0921368547419,-0.211271724599,1
0.0607204798381,-0.0921368547419,-0.0921368547419,-0.211271724599,1
0.0607204798381,-0.0921368547419,-0.0921368547419,-0.211271724599,1
0.101261020379,0.0303121248499,0.0303121248499,0.247061608734,0
0.0607204798381,-0.0513205282113,-0.0513205282113,0.00747827540107,1
0.0607204798381,-0.0513205282113,-0.0513205282113,0.00747827540107,1
0.0877475068652,0.0303121248499,0.0303121248499,0.309561608734,1
0.155315074433,-0.0717286914766,-0.0717286914766,-0.138355057932,1
0.0877475068652,-0.0513205282113,-0.0513205282113,0.00747827540107,1
0.0877475068652,-0.0921368547419,-0.0921368547419,-0.190438391266,1
0.0877475068652,-0.0921368547419,-0.0921368547419,-0.190438391266,1
0.0877475068652,-0.0921368547419,-0.0921368547419,-0.190438391266,1
0.0877475068652,-0.0921368547419,-0.0921368547419,-0.190438391266,1
0.0877475068652,-0.0921368547419,-0.0921368547419,-0.190438391266,1
0.0607204798381,-0.0717286914766,-0.0717286914766,-0.0550217245989,1
0.0201799392976,-0.030912364946,-0.030912364946,0.413728275401,1
0.0201799392976,-0.0717286914766,-0.0717286914766,0.0387282754011,0
0.155315074433,0.00990396158463,0.00990396158463,0.142894942068,1
0.18234210146,-0.0717286914766,-0.0717286914766,-0.117521724599,1
0.18234210146,0.00990396158463,0.00990396158463,0.111644942068,1
0.0607204798381,-0.0717286914766,-0.0717286914766,0.00747827540107,0
0.0877475068652,0.00990396158463,0.00990396158463,0.486644942068,1
0.0877475068652,-0.030912364946,-0.030912364946,0.247061608734,1
0.0877475068652,-0.0105042016807,-0.0105042016807,0.382478275401,1
0.155315074433,-0.0717286914766,-0.0717286914766,-0.0862717245989,1
0.155315074433,-0.0513205282113,-0.0513205282113,0.00747827540107,1
0.155315074433,-0.0513205282113,-0.0513205282113,0.00747827540107,1
0.18234210146,0.0507202881152,0.0507202881152,0.361644942068,1
0.155315074433,-0.0513205282113,-0.0513205282113,0.0387282754011,1
0.18234210146,-0.0513205282113,-0.0513205282113,0.00747827540107,1
0.155315074433,-0.0513205282113,-0.0513205282113,0.0595616087344,1
0.18234210146,-0.0717286914766,-0.0717286914766,-0.0654383912656,1
0.155315074433,-0.0921368547419,-0.0921368547419,-0.138355057932,1
0.155315074433,-0.0921368547419,-0.0921368547419,-0.138355057932,1
0.209369128487,0.00990396158463,0.00990396158463,0.163728275401,1
0.155315074433,-0.0921368547419,-0.0921368547419,-0.138355057932,1
0.155315074433,-0.0921368547419,-0.0921368547419,-0.138355057932,1
0.18234210146,-0.0513205282113,-0.0513205282113,0.0491449420677,1
0.155315074433,-0.0717286914766,-0.0717286914766,-0.0133550579323,1
0.0607204798381,-0.0513205282113,-0.0513205282113,0.465811608734,1
0.18234210146,-0.0921368547419,-0.0921368547419,-0.117521724599,0
0.18234210146,-0.0921368547419,-0.0921368547419,-0.117521724599,1
0.18234210146,-0.0921368547419,-0.0921368547419,-0.117521724599,1
0.18234210146,-0.0921368547419,-0.0921368547419,-0.117521724599,1
0.18234210146,-0.0921368547419,-0.0921368547419,-0.117521724599,1
0.18234210146,-0.0921368547419,-0.0921368547419,-0.117521724599,1
0.18234210146,-0.0921368547419,-0.0921368547419,-0.117521724599,1
0.18234210146,-0.030912364946,-0.030912364946,0.184561608734,1
0.18234210146,-0.0921368547419,-0.0921368547419,-0.117521724599,1
0.18234210146,0.0303121248499,0.0303121248499,0.559561608734,1
0.0877475068652,-0.0513205282113,-0.0513205282113,0.538728275401,1
0.18234210146,-0.0717286914766,-0.0717286914766,0.0387282754011,1
0.155315074433,-0.0717286914766,-0.0717286914766,0.184561608734,1
0.18234210146,-0.0513205282113,-0.0513205282113,0.288728275401,1
0.398558317676,-0.0921368547419,-0.0921368547419,0.0491449420677,1
0.844504263622,-0.0921368547419,-0.0921368547419,0.392894942068,1
