0.323521584861,-0.123784251899,0.0339482064532,-0.200770300012,0.296287249634,0.174099186362,0.217453657612,-0.154441382234,0.220536632049,0.0496510339571,0.0671142778844,0.479236119686,0.226894965459,0
0.0524689532821,-0.109950259804,-0.121132007451,-0.427574423723,0.00280898876404,0.122375048431,0.154162518371,-0.192177231291,-0.0980753553326,-0.0578574984661,0.0752443591852,0.288759929209,0.216195964032,0
0.0419426374926,0.00467424612515,0.162290452442,-0.0461311247539,0.0136785539814,0.174099186362,0.255428341156,-0.116705533178,0.384574486939,0.0530640032404,0.0589841965835,0.20451084496,0.312486976871,0
0.360363690124,-0.076353421859,0.0713813615334,-0.138914629908,0.14411333659,0.536168151879,0.30817095719,-0.229913080348,0.185836316592,0.233951375254,-0.0792271855303,0.307074947524,0.522900671593,0
0.0629952690716,0.0501287915797,0.2692423241,0.0775802154523,0.198461162677,0.174099186362,0.139394585882,0.0531057875768,0.0722716478219,-0.062976952391,0.0671142778844,0.116598757048,-0.00848306592508,0
0.315626848019,-0.113902828974,0.0446433936189,-0.221388856713,0.133243771373,0.336168151879,0.287073910776,-0.0412338350647,0.119590259809,0.144360931568,0.0752443591852,0.0872947277442,0.50150266874,0
0.365626848019,-0.0921636985389,0.0446433936189,-0.252316691764,-0.0406692721055,0.0706509104998,0.103529606979,-0.116705533178,0.122744833942,0.0163745834452,0.0508541152827,0.354693995143,0.387379986857,0
0.278784742756,-0.0368277301594,0.130204890945,-0.0976775165064,0.231069858329,0.10513366912,0.101419902337,-0.0978376086496,-0.10753907773,-0.000690262971201,0.083374440486,0.354693995143,0.390946320666,0
0.481416321703,-0.137618243993,-0.105089226702,-0.283244526816,-0.0297997068881,0.174099186362,0.200576020481,-0.135573457706,0.122744833942,0.0121083718411,0.0996346030876,0.0872947277442,0.212629630223,0
0.226153163808,-0.194930496958,-0.051613290873,-0.180151743311,-0.0189301416707,0.236168151879,0.236440999384,-0.267648929404,0.0817353702194,0.184463320647,0.0427240339819,0.343704984154,0.212629630223,0
0.289311058545,-0.0348514455745,-0.0355705101244,-0.0770589598054,0.057156814851,0.225823324293,0.272305978287,-0.267648929404,0.248927799241,0.0590366994861,0.237845985201,0.20451084496,0.544298674446,0
0.29457421644,-0.169238797353,-0.0248753229586,-0.138914629908,-0.0515388373229,-0.0327973653623,0.0845422652065,-0.192177231291,-0.00659270549038,-0.0049564745753,0.172805334795,0.0763057167552,0.380247319239,0
0.197205795387,-0.119831682729,0.0232530192874,-0.180151743311,-0.116756228627,0.10513366912,0.154162518371,-0.135573457706,0.0691170736894,0.0462380646739,0.156545172193,0.105609746059,0.40877798971,0
0.460363690124,-0.119831682729,0.0125578321216,-0.417265145372,-0.0950170981925,0.277547462224,0.350365050017,0.12857748569,0.384574486939,0.0291732182575,0.237845985201,0.0433386837881,0.287522640209,0
0.362995269072,-0.0921636985389,0.00721023853872,-0.386337310321,0.0245481191988,0.346512979465,0.33981652681,-0.135573457706,0.431893098926,0.208354105629,0.197195578697,0.142239782689,0.570689544631,0
0.165626848019,-0.104021406049,0.178333233191,-0.118296073207,0.133243771373,0.191340565672,0.185808087991,-0.116705533178,-0.0412930209478,0.191289259213,0.262236229104,0.0982837387332,0.401645322092,0
0.341942637493,-0.082282275614,0.189028420357,0.0260338236998,0.220200293112,0.174099186362,0.234331294742,-0.060101759593,0.119590259809,0.097432603923,0.0915045217868,0.0140346544841,0.380247319239,0
0.218258426966,-0.151452236088,0.135552484528,0.0260338236998,0.165852467025,0.225823324293,0.289183615417,0.0719737121052,0.040725906497,0.131562296756,0.140285009592,-0.0152693748199,0.273257304974,0
0.312995269072,-0.147499666918,0.0606861743676,-0.154378547434,0.0897655105032,0.346512979465,0.400997961409,-0.0789696841213,0.0848899443519,0.310743184128,0.2215858226,0.0763057167552,0.665554023947,0
0.168258426966,0.150919305414,0.103466923031,-0.221388856713,0.176722032242,0.139616427741,0.211124543687,-0.361988552046,0.0217984617021,0.00357594863289,0.00207362747785,0.274107914557,0.0699762778695,0
0.278784742756,-0.139594528578,-0.0462656972902,-0.180151743311,0.285417684416,0.243064703603,0.240660408666,-0.229913080348,0.160599723532,0.0505042762779,0.107764684388,0.402313042762,0.0236139383545,0
-0.0185836782969,0.289259226362,0.151595265277,-0.0461311247539,0.0245481191988,0.0396164277412,0.0803228559238,-0.211045155819,0.122744833942,-0.0476185906163,0.0589841965835,0.332715973165,0.0164812707368,0
0.186679479598,-0.0941399831239,-0.00348494862705,-0.149223908259,0.0136785539814,0.108581944983,0.179478974067,-0.173309306763,0.0312621840995,-0.107345553074,0.12402484699,0.50854014899,0.205496962606,0
-0.0396363098758,-0.145523382333,0.0820765486992,-0.0873682381559,-0.0515388373229,0.0637543587757,0.0718840373584,-0.192177231291,-0.0412930209478,-0.0962534029029,0.107764684388,0.373009013458,0.19123162737,0
0.131416321703,-0.104021406049,0.130204890945,0.0260338236998,-0.0406692721055,0.080995738086,0.122516948751,-0.154441382234,0.0217984617021,-0.131236338057,0.132154928291,0.442606083056,0.0699762778695,0
0.0129952690716,-0.0565905760092,0.456408099501,0.283765782463,0.263678553981,0.115478496707,0.13728488124,0.204049183803,0.103817389147,-0.126116884132,0.140285009592,0.215499855949,0.059277276443,0
0.102468953282,-0.111926544389,0.135552484528,-0.174997104135,-0.0732779677577,0.191340565672,0.192137201915,-0.0412338350647,-0.0444475950803,-0.0220213209917,-0.0304466977254,0.222825863275,0.319619644489,0
0.0787847427558,-0.121807967314,-0.121132007451,-0.128605351558,-0.0624084025403,0.0361681518791,0.0339093538141,-0.173309306763,-0.0759933364052,-0.0945469182613,0.0508541152827,0.0579906984401,0.383813653048,0
0.228784742756,-0.0862348447839,0.23180916902,-0.00489401135179,0.0788959452858,0.225823324293,0.198466315839,0.0153699385202,0.053344203027,-0.0476185906163,0.237845985201,0.288759929209,0.119904951193,0
0.268258426966,-0.129713105654,-0.0836988523704,-0.180151743311,-0.0406692721055,0.122375048431,0.063445218793,-0.192177231291,0.122744833942,-0.0305537441999,0.0671142778844,0.358356998806,0.205496962606,0
0.191942637493,-0.165286228183,0.178333233191,0.154899803081,0.0136785539814,0.243064703603,0.257538045797,-0.135573457706,0.248927799241,0.054770487882,0.189065497397,0.0360126764621,0.383813653048,0
0.152468953282,-0.133665674823,-0.00348494862705,-0.0203579288776,0.0680263800684,0.194788841534,0.244879817949,-0.267648929404,0.113281111544,0.15715956638,0.107764684388,0.0982837387332,0.547865008255,0
0.178784742756,-0.100068836879,-0.00348494862705,-0.118296073207,0.0462872496336,0.0430647036033,0.139394585882,0.109709561162,0.119590259809,-0.10393258379,0.2215858226,0.0946207350702,0.173399958326,0
0.199837374335,-0.159357374428,0.178333233191,0.000260627823468,0.350635075721,0.225823324293,0.149943109088,0.260652957388,-0.0759933364052,0.0291732182575,0.237845985201,0.142239782689,0.348150314959,0
0.134047900651,-0.105997690634,0.151595265277,-0.0255125680528,0.111504640938,0.0189267725688,0.10563931162,-0.135573457706,-0.0160564278879,-0.0732158602408,0.115894765689,0.0946207350702,0.248292968312,0
0.126153163808,-0.104021406049,0.0232530192874,0.051807019576,0.00280898876404,0.139616427741,0.200576020481,-0.192177231291,0.0848899443519,0.00357594863289,0.0671142778844,0.31440095485,0.123471285002,0
0.073521584861,-0.137618243993,0.253199543352,-0.205924939187,0.111504640938,0.10513366912,0.13728488124,-0.0412338350647,-0.0728387622727,-0.0390861674081,0.107764684388,0.0616537021031,0.0949406145314,0
0.0129952690716,-0.135641959408,0.0981193294478,-0.0770589598054,-0.0189301416707,0.0534095311895,0.0845422652065,-0.135573457706,-0.0476021692128,-0.0689496486367,0.132154928291,-0.037247396798,0.255425635929,0
0.0182584269663,-0.165286228183,-0.142522381782,-0.205924939187,-0.0189301416707,0.0361681518791,0.128846062675,-0.154441382234,-0.0696841881402,-0.115877976282,0.180935416096,0.0286866691361,0.194797961179,0
0.320890005914,0.326808633477,0.0767289551163,-0.324481640218,0.307156814851,0.243064703603,0.213234248329,-0.305384778461,0.154290575267,0.00357594863289,-0.0548369416278,0.336378976828,0.00934860311914,0
0.147205795387,-0.123784251899,-0.0302229165415,-0.16984246496,0.18759159746,0.294788841534,0.265976864363,-0.0412338350647,0.236309502712,0.0914599076773,-0.00605645382297,0.281433921883,0.0343129397811,0
0.107732111177,0.297164364702,-0.131827194616,-0.0358218464033,-0.10588666341,0.0534095311895,0.13728488124,-0.173309306763,-0.0349838726828,-0.0663899216743,-0.0385767790262,0.142239782689,0.205496962606,0
0.231416321703,-0.0882111293689,0.119509703779,-0.231698135063,0.0136785539814,0.329271600155,0.322938889679,-0.361988552046,0.034416758232,0.0317329452199,-0.0629670229287,0.347367987817,0.248292968312,0
0.0629952690716,0.324832348892,-0.0409181037073,-0.102832155682,0.0354176844162,0.118926772569,0.126736358033,-0.0789696841213,0.0217984617021,-0.0595639831077,-0.111747510734,0.142239782689,-0.0477127378224,0
0.0129952690716,-0.111926544389,-0.142522381782,-0.128605351558,0.0788959452858,0.243064703603,0.204795429763,-0.154441382234,0.138517704604,-0.00154350529202,-0.0629670229287,0.270444910894,0.0985069483403,0
0.318258426966,0.336690056402,0.0392958000361,-0.0306672072281,0.122374206155,0.191340565672,0.130955767316,-0.116705533178,-0.10753907773,0.0155213411244,-0.0710971042295,0.263118903568,0.237593966885,0
0.362995269072,0.247757250078,-0.0462656972902,-0.180151743311,0.0245481191988,0.329271600155,0.240660408666,-0.173309306763,0.188990890724,-0.0134888977835,0.0671142778844,0.303411943861,0.226894965459,0
0.236679479598,-0.129713105654,-0.131827194616,-0.180151743311,0.0136785539814,0.277547462224,0.287073910776,-0.286516853933,0.173218020062,0.0889001807148,-0.0385767790262,0.263118903568,0.169833624517,0
0.289311058545,-0.0625194297642,0.0179054257045,-0.0358218464033,0.0354176844162,0.156857807052,0.187917792633,-0.0789696841213,0.248927799241,0.097432603923,0.0915045217868,0.0506646911141,0.22332863165,0
0.247205795387,-0.119831682729,-0.051613290873,-0.107986794857,0.0897655105032,0.201685393258,0.318719480396,-0.0789696841213,0.154290575267,0.327808030544,0.132154928291,0.178869819319,0.365981984004,0
0.0129952690716,-0.119831682729,-0.174607943279,-0.36571875362,-0.0841475329751,0.146512979465,0.26175745508,-0.361988552046,0.416120228264,0.182756836005,0.132154928291,0.109272749722,0.287522640209,0
0.218258426966,-0.135641959408,0.124857297362,-0.118296073207,-0.0624084025403,0.0534095311895,0.202685725122,-0.267648929404,0.220536632049,0.0462380646739,0.229715903901,0.27777091822,0.369548317812,0
0.215626848019,-0.115879113559,0.0286006128703,-0.283244526816,0.122374206155,0.546512979465,0.360913573223,-0.0789696841213,0.0880445184844,0.169958201193,0.0427240339819,0.237477877927,0.31605331068,0
0.202468953282,-0.0862348447839,0.167638046025,-0.123450712383,0.165852467025,0.243064703603,0.160491632295,0.0531057875768,0.028107609967,0.105965027131,0.140285009592,0.116598757048,0.448007661607,0
0.19457421644,-0.131689390238,-0.0623084780388,-0.15953318661,0.198461162677,0.10513366912,0.18369838335,-0.286516853933,0.00918016517208,0.0675691226943,-0.0304466977254,0.215499855949,0.22332863165,0
0.147205795387,-0.119831682729,0.0499909872018,0.051807019576,0.176722032242,0.229271600155,0.158381927654,-0.305384778461,0.271009818169,0.101698815527,0.0183337900795,0.153228793678,0.266124637356,0
0.320890005914,-0.125760536484,-0.0355705101244,-0.164687825785,0.198461162677,0.312030220845,0.204795429763,-0.192177231291,0.138517704604,0.112790965698,-0.0141865351238,0.255792896242,0.159134623091,0
0.0761531638084,-0.0724008526891,0.167638046025,-0.138914629908,0.0245481191988,0.243064703603,0.253318636514,-0.0978376086496,0.0217984617021,0.0803677575066,0.0915045217868,0.0836317240812,0.373114651621,0
0.189311058545,-0.179120220278,0.0713813615334,-0.144069269084,0.0897655105032,0.380995738086,0.346145640734,-0.324252702989,0.141672278737,0.148627143172,-0.0548369416278,0.0946207350702,0.383813653048,0
-0.165952099349,-0.275958164942,-0.538244306916,-0.458502258774,-0.127625793845,-0.108659434328,-0.307862798085,-0.154441382234,-0.369368730727,-0.265195382425,0.0752443591852,-0.289994649545,-0.161835419705,1
-0.176478415139,-0.244337611582,-0.0462656972902,-0.180151743311,0.0136785539814,-0.0845215032933,-0.198158156734,0.505935976256,-0.372523304859,-0.152567396077,0.237845985201,-0.34493970449,-0.0477127378224,1
-0.0948994677705,-0.192954212373,-0.185303130445,-0.138914629908,0.00280898876404,-0.0948663308795,-0.130647608211,0.317256730973,-0.306277248077,0.0590366994861,0.0183337900795,-0.374243733794,-0.211764093029,1
0.176153163808,-0.214693342808,-0.238779066274,-0.0770589598054,-0.0624084025403,-0.067280123983,-0.0504788318399,-0.0789696841213,-0.27157693262,-0.107345553074,0.2215858226,-0.055562415113,-0.0833760759108,1
-0.165952099349,-0.238408757827,-0.110436820285,-0.0255125680528,-0.138495359062,0.415478496707,0.225892476177,-0.324252702989,0.0880445184844,-0.0518848022203,0.213455741299,0.0946207350702,-0.233162095882,1
-0.218583678297,-0.175167651108,0.087424142282,-0.0255125680528,0.0462872496336,-0.139693917086,-0.0589176504053,0.166313334747,-0.176939708645,-0.179871150343,0.400447611218,-0.139811499362,-0.279524435397,1
-0.165952099349,-0.222598481148,0.103466923031,-0.0719043206301,-0.0189301416707,0.0430647036033,0.130955767316,0.0153699385202,0.154290575267,-0.0390861674081,0.189065497397,-0.114170473721,-0.0491392713459,1
0.0287847427558,-0.262124172847,-0.356426125098,-0.231698135063,-0.236321446019,0.236168151879,0.242770113308,-0.192177231291,0.217382057917,0.0206407950493,0.132154928291,0.208173848623,-0.174674221417,1
-0.165952099349,-0.230503619487,-0.238779066274,0.00541526699873,-0.236321446019,-0.0638318481209,-0.00617503437159,-0.173309306763,-0.173785134512,-0.0322602288415,0.132154928291,0.318063958513,-0.168968087323,1
0.0893110585452,-0.275958164942,-0.00348494862705,-0.128605351558,0.111504640938,0.080995738086,-0.153854359266,0.35499258003,-0.369368730727,-0.161099819285,0.0508541152827,-0.249701609252,0.00221593550145,1
-0.208057362507,-0.226551050318,-0.329688157183,-0.138914629908,0.557156814851,-0.153487020535,-0.158073768549,-0.418592325631,0.286782688831,-0.188403573551,0.262236229104,0.16788080833,-0.0206086008752,1
-0.187004730928,-0.143547097748,-0.0836988523704,0.0466523804008,0.0354176844162,-0.41210771019,-0.212926089224,0.0153699385202,-0.0412930209478,-0.171338727135,-0.0418288115465,-0.289994649545,0.0878079469137,1
0.226153163808,-0.163309943598,0.162290452442,0.283765782463,-0.149364924279,0.225823324293,0.175259564785,-0.286516853933,0.0880445184844,-0.143181730548,0.32727687951,0.200847841297,-0.2402947635,1
0.128784742756,-0.133665674823,-0.0676560716217,0.23221939071,-0.138495359062,-0.143142192948,-0.0399303086332,-0.173309306763,-0.176939708645,-0.112465006999,0.0183337900795,0.0616537021031,-0.19607222427,1
-0.00279420461266,-0.131689390238,0.124857297362,0.541497741226,0.426722032242,0.346512979465,0.181588678709,-0.286516853933,0.116435685677,-0.14574145751,0.286626473006,0.325389965839,0.169833624517,1
-0.273846836192,-0.246313896167,-0.0355705101244,0.0775802154523,0.0136785539814,0.374099186362,0.0233608306073,-0.437460250159,0.0186438875696,-0.157686850002,0.0264638713803,0.189858830308,0.099220215102,1
-0.352794204613,-0.0901874139539,-0.238779066274,-0.180151743311,-0.0297997068881,-0.236245641224,-0.0968923339497,-0.0412338350647,-0.139084819055,-0.107345553074,0.2215858226,-0.172778532329,-0.227455961788,1
0.00773211117682,-0.283863303282,-0.351078531515,-0.180151743311,-0.149364924279,-0.119004261914,0.000154079552458,-0.229913080348,-0.0412930209478,-0.0390861674081,0.189065497397,-0.048236407787,-0.253133565212,1
-0.30542578356,0.109417329129,-0.0730036652046,-0.0770589598054,0.133243771373,-0.198314606742,-0.149634949983,0.12857748569,-0.202176301705,-0.205468419968,0.00207362747785,-0.033584393135,-0.176100754941,1
-0.176478415139,-0.266076742017,-0.222736285525,-0.242007413414,0.39411333659,-0.136245641224,-0.0378206039918,-0.0223659105364,0.368801616276,-0.141475245906,0.083374440486,-0.110507470058,0.00221593550145,1
-0.0791099940863,0.303093218457,0.0179054257045,0.180672998957,0.0136785539814,0.184444013948,0.109858720903,0.12857748569,0.113281111544,-0.212294358534,0.189065497397,0.189858830308,-0.202491625126,1
-0.263320520402,-0.279910734112,-0.195998317611,-0.0255125680528,-0.149364924279,0.0430647036033,0.0486772863035,-0.116705533178,-0.0507567433453,-0.21826705478,0.343537042112,0.186195826645,-0.334445976053,1
-0.0738468361916,-0.104021406049,-0.0890464459533,-0.0358218464033,-0.149364924279,-0.0327973653623,0.10563931162,-0.192177231291,0.0564987771595,-0.0988131298654,0.164675253494,0.193521833971,-0.0234616679222,1
-0.242267888823,-0.238408757827,0.0767289551163,0.23221939071,-0.236321446019,-0.101762882604,-0.0947826293083,0.0719737121052,-0.0602204657427,-0.243864324405,0.286626473006,0.0396756801251,-0.0833760759108,1
0.0129952690716,0.301116933872,-0.0248753229586,0.154899803081,-0.160234489497,-0.222452537776,-0.092672924667,0.468200127199,0.00918016517208,-0.0220213209917,-0.0954873481319,-0.220397579948,-0.165401753514,1
-0.30542578356,-0.285839587867,0.114162110196,-0.0770589598054,-0.0624084025403,-0.0327973653623,0.0381287630968,-0.267648929404,0.239464076844,-0.171338727135,-0.136137754636,0.171543811993,-0.161835419705,1
-0.0870047309284,-0.268053026602,-0.0676560716217,-0.0770589598054,-0.00806057645335,-0.0327973653623,-0.0188332622197,-0.116705533178,-0.0412930209478,-0.20802814693,0.2215858226,0.200847841297,-0.211764093029,1
-0.221215257244,-0.143547097748,-0.0302229165415,0.170363720607,-0.10588666341,-0.177624951569,-0.0715758782534,0.12857748569,-0.00974727962287,-0.222533266384,0.302886635608,-0.128822488373,-0.17966708875,1
-0.35542578356,-0.131689390238,0.135552484528,0.335312174215,-0.127625793845,-0.1293490895,-0.0884535153843,0.0719737121052,-0.0791479105377,-0.209734631572,0.32727687951,0.219162859612,-0.131878215711,1
-0.358057362507,-0.0546142914243,0.0499909872018,0.108508050504,-0.171104054714,-0.119004261914,-0.0715758782534,0.222917108332,-0.0759933364052,-0.192669785156,0.0345939526811,0.0506646911141,-0.0477127378224,1
-0.242267888823,-0.198883066128,-0.0355705101244,0.211600834009,-0.323277967758,-0.0327973653623,-0.092672924667,0.109709561162,-0.0665296140077,-0.283113471162,0.0915045217868,0.219162859612,-0.0869424097197,1
-0.242267888823,-0.100068836879,-0.0248753229586,-0.0512857639291,-0.203712750366,-0.239693917086,-0.111660266439,0.298388806445,0.0154893134371,-0.226799477988,0.0996346030876,-0.12515948471,-0.190366090176,1
-0.263320520402,-0.163309943598,0.0286006128703,0.129126607205,-0.149364924279,-0.291418055017,-0.164402882473,0.260652957388,0.0123347393046,-0.12441039949,0.0752443591852,0.0140346544841,-0.211764093029,1
-0.0817415730337,-0.159357374428,-0.0569608844559,0.0621162979266,-0.214582315584,-0.315555986052,-0.120099085005,0.411596353615,0.00918016517208,-0.171338727135,0.00207362747785,-0.202082561633,-0.17966708875,1
-0.187004730928,0.0975596216192,-0.0783512587875,-0.0770589598054,-0.127625793845,0.0534095311895,0.0465675816622,-0.211045155819,0.125899408074,-0.248130536009,0.156545172193,0.252129892579,-0.325886774912,1
-0.363320520402,-0.0684482835191,-0.0462656972902,-0.0770589598054,-0.0189301416707,0.249961255327,0.0486772863035,-0.361988552046,-0.0759933364052,-0.154273880719,0.164675253494,0.127587768037,-0.286657103015,1
-0.139636309876,-0.161333659013,-0.0890464459533,-0.0255125680528,0.676722032242,0.0706509104998,0.0507869909449,-0.0789696841213,0.532839471166,-0.209734631572,0.164675253494,0.00670864715809,0.135596819952,1
-0.313320520402,-0.0427565839144,0.199723607523,0.103353411329,0.372374206155,-0.239693917086,-0.219255203148,-0.418592325631,-0.00974727962287,-0.21826705478,-0.00605645382297,-0.128822488373,-0.0869424097197,1
-0.187004730928,-0.183072789448,-0.206693504777,-0.180151743311,-0.160234489497,0.0878922898102,0.0993101976959,-0.135573457706,0.0564987771595,-0.184137361947,0.2215858226,0.0470016874511,-0.227455961788,1
-0.165952099349,-0.250266465337,-0.142522381782,-0.0512857639291,-0.127625793845,0.422375048431,0.363023277865,-0.229913080348,0.113281111544,-0.0476185906163,0.0671142778844,0.0579906984401,-0.0619780730578,1
-0.187004730928,0.164753297509,-0.0836988523704,-0.0770589598054,-0.127625793845,0.191340565672,0.202685725122,0.166313334747,0.384574486939,-0.235331901196,0.376057367315,0.0799687204182,-0.243147830547,1
-0.242267888823,-0.0506617222543,-0.356426125098,-0.102832155682,-0.0297997068881,-0.0224525377761,0.0296899445314,-0.192177231291,-0.0602204657427,-0.150007669115,0.254106147803,0.127587768037,-0.0263147349693,1
-0.10542578356,-0.196906781543,-0.24947425344,-0.0512857639291,-0.127625793845,-0.291418055017,-0.141196131418,-0.135573457706,-0.0759933364052,-0.222533266384,0.0671142778844,0.0579906984401,-0.131878215711,1
-0.173846836192,0.02246080739,0.0499909872018,0.0775802154523,-0.0189301416707,0.0913405656722,0.0170317166833,-0.0412338350647,-0.0886116329352,-0.192669785156,-0.128007673335,0.281433921883,-0.22032329417,1
-0.310688941455,-0.121807967314,-0.260169440606,0.000260627823468,-0.149364924279,0.0706509104998,-0.0821244014602,0.0153699385202,-0.0539113174778,-0.255809716896,-0.0141865351238,-0.062888422439,-0.236728429691,1
-0.129109994086,-0.119831682729,-0.206693504777,0.051807019576,-0.160234489497,-0.0327973653623,-0.0230526715024,-0.0789696841213,-0.0349838726828,-0.180724392664,0.0671142778844,0.35103099148,-0.0534188719165,1
-0.152794204613,0.0422236532398,-0.051613290873,0.129126607205,-0.10588666341,-0.21210771019,-0.0399303086332,0.562539749841,-0.0539113174778,-0.201202208364,-0.0792271855303,0.252129892579,-0.308055105868,1
-0.197531046718,-0.119831682729,-0.131827194616,-0.0255125680528,-0.214582315584,-0.222452537776,0.000154079552458,0.0153699385202,0.0123347393046,-0.141475245906,0.0345939526811,0.20451084496,-0.168968087323,1
-0.0738468361916,-0.115879113559,-0.0462656972902,0.154899803081,-0.171104054714,-0.315555986052,-0.056807945764,0.222917108332,0.0123347393046,-0.150007669115,-0.0629670229287,-0.070214429765,-0.184659956082,1
-0.20542578356,-0.206788204468,-0.228083879108,-0.0255125680528,-0.0841475329751,0.0223750484308,0.00226378419381,0.0531057875768,0.154290575267,-0.201202208364,-0.0792271855303,0.149565790015,-0.310194906153,1
-0.365952099349,-0.194930496958,0.178333233191,0.0260338236998,-0.0624084025403,0.153409531189,0.187917792633,-0.135573457706,0.283628114699,-0.205468419968,0.00207362747785,0.237477877927,-0.0477127378224,1
-0.40542578356,0.277401518852,-0.292255002103,0.000260627823468,0.0788959452858,0.30513366912,0.116187834827,-0.229913080348,0.627476695141,-0.184137361947,-0.168658079839,0.0726427130922,-0.131878215711,1
-0.126478415139,0.01850823822,-0.105089226702,0.0775802154523,-0.127625793845,0.0878922898102,0.0507869909449,-0.192177231291,-0.117002800128,-0.260929170821,-0.046706860327,0.0616537021031,-0.30092243825,1
-0.326478415139,0.0679153528445,0.295980292015,0.0260338236998,0.0354176844162,-0.187969779155,0.000154079552458,0.449332202671,-0.17063056038,-0.107345553074,0.2215858226,-0.040910400461,-0.0997812114315,1
-0.418583678297,-0.315483856642,0.0713813615334,0.0775802154523,-0.127625793845,0.0637543587757,-0.00406532973024,0.109709561162,-0.0476021692128,-0.168779000173,0.115894765689,-0.110507470058,-0.223176361218,1
-0.242267888823,-0.187025358618,0.0713813615334,0.154899803081,-0.171104054714,0.0913405656722,0.0550064002276,0.12857748569,-0.173785134512,-0.184137361947,-0.0223166164246,0.211836852286,-0.258126432544,1
-0.518583678297,-0.163309943598,-0.0890464459533,0.103353411329,-0.160234489497,0.0568578070515,0.0296899445314,0.298388806445,0.132208556339,-0.269461594029,0.611829725039,0.0946207350702,-0.242434563785,1
-0.310688941455,-0.171215081938,-0.201345911194,0.0672709371018,-0.149364924279,-0.108659434328,-0.0905632200256,-0.116705533178,-0.0192110020203,-0.265195382425,-0.00605645382297,0.263118903568,-0.17966708875,1
-0.152794204613,-0.143547097748,-0.0943940395361,0.154899803081,0.0897655105032,-0.101762882604,0.0128123074006,-0.0412338350647,0.00602559103959,-0.255809716896,0.083374440486,0.127587768037,-0.286657103015,1
-0.0606889414548,0.216136696718,-0.206693504777,-0.180151743311,-0.214582315584,-0.2293490895,-0.164402882473,0.12857748569,-0.240031191295,-0.141475245906,-0.209308486343,-0.180104539655,-0.267398900447,1
-0.263320520402,0.216136696718,-0.195998317611,-0.0255125680528,-0.138495359062,-0.101762882604,-0.0821244014602,0.0153699385202,0.0880445184844,-0.32236261792,-0.0223166164246,0.160554801004,-0.130451682188,1
-0.408057362507,0.0125793844651,0.0286006128703,0.0260338236998,-0.0406692721055,0.208581944983,0.160491632295,-0.0789696841213,0.0754262219544,-0.154273880719,-0.128007673335,0.285096925546,-0.0869424097197,1
-0.379109994086,-0.0565905760092,0.461755693084,0.464178153597,0.209330727894,0.30513366912,0.643613995164,0.204049183803,0.0880445184844,0.0803677575066,-0.0223166164246,0.394987035436,-0.201065091603,1
-0.152794204613,0.413765155216,0.19437601394,0.361085370092,0.0245481191988,-0.0327973653623,0.021251125966,0.12857748569,0.0375713323645,-0.254103232254,-0.0304466977254,0.186195826645,-0.27239176778,1
0.0129952690716,0.684516143358,-0.126479601033,0.103353411329,-0.149364924279,0.112030220845,0.130955767316,-0.116705533178,0.132208556339,-0.209734631572,-0.184918242441,0.178869819319,-0.261692766353,1
-0.297531046718,0.390049740196,0.0125578321216,0.0775802154523,-0.192843185149,0.194788841534,0.211124543687,-0.286516853933,0.416120228264,-0.192669785156,-0.168658079839,0.376672017121,-0.261692766353,1
-0.244899467771,-0.0348514455745,-0.105089226702,0.0775802154523,-0.160234489497,0.10513366912,0.130955767316,0.0153699385202,-0.0759933364052,-0.196082754439,-0.0792271855303,0.244803885253,-0.263119299877,1
-0.150162625665,-0.159357374428,-0.0409181037073,0.103353411329,-0.149364924279,0.153409531189,0.236440999384,0.0531057875768,0.0564987771595,-0.0954001605821,-0.217438567644,0.0836317240812,-0.281664235683,1
-0.318583678297,-0.0407802993294,0.221113981854,0.464178153597,-0.0841475329751,-0.0569352963967,0.0444578770208,0.411596353615,0.053344203027,-0.175604938739,0.0102037087787,-0.062888422439,-0.200351824841,1
-0.165952099349,-0.139594528578,-0.0355705101244,0.257992586586,-0.127625793845,-0.0259008136381,0.0887616744892,0.0719737121052,0.0975082408819,-0.250690262971,-0.0548369416278,0.0616537021031,-0.2887969033,1
-0.252794204613,0.388073455611,0.00721023853872,0.129126607205,-0.214582315584,-0.067280123983,-0.0589176504053,0.109709561162,-0.0759933364052,-0.209734631572,-0.136137754636,-0.0152693748199,-0.119039413999,1
-0.0370047309284,-0.194930496958,-0.0248753229586,-0.0770589598054,0.241939423547,-0.270728399845,-0.164402882473,-0.286516853933,-0.205330875837,-0.081748283449,-0.160527998538,-0.484133843684,-0.0833760759108,0
-0.0317415730337,0.129180174979,0.0179054257045,0.0260338236998,0.0462872496336,-0.343142192948,-0.170731996397,-0.229913080348,-0.240031191295,0.0291732182575,-0.17678816114,-0.436514796065,-0.154702752088,0
-0.0501626256653,-0.00520717679975,0.0179054257045,0.23221939071,-0.0189301416707,-0.39486633088,-0.198158156734,-0.173309306763,-0.240031191295,0.054770487882,-0.241828811547,-0.458492818043,-0.133304749235,0
-0.0791099940863,0.239852111738,-0.00348494862705,0.103353411329,0.0680263800684,-0.205211158466,-0.17495140568,-0.361988552046,-0.236876617162,-0.0049564745753,-0.144267835937,-0.484133843684,-0.104774078764,0
-0.129109994086,-0.216669627393,-0.0623084780388,-0.102832155682,-0.160234489497,-0.101762882604,-0.305753093443,0.449332202671,-0.10753907773,0.0334394298616,-0.168658079839,-0.403547763098,-0.0691107406754,0
-0.10542578356,0.024437091975,-0.0890464459533,-0.0512857639291,-0.0624084025403,-0.232797365362,-0.288875456313,0.505935976256,-0.205330875837,0.174224412797,-0.184918242441,-0.377906737457,-0.0370137363958,0
-0.197531046718,0.47107740818,0.0927717358649,0.0775802154523,-0.116756228627,-0.315555986052,-0.328959844498,0.317256730973,-0.249494913692,-0.103079341469,-0.168658079839,-0.49145985101,-0.0191820673516,0
-0.123846836192,0.627203890394,0.146247671694,0.283765782463,-0.0406692721055,-0.174176675707,-0.301533684161,0.505935976256,-0.154857689718,-0.0049564745753,-0.111747510734,-0.337613697164,-0.165401753514,0
0.128784742756,0.247757250078,-0.0943940395361,0.000260627823468,-0.127625793845,-0.232797365362,-0.326850139857,0.411596353615,-0.224258320632,0.054770487882,-0.119877592034,-0.289994649545,-0.119039413999,0
-0.0422678888232,0.123251321224,0.130204890945,0.23221939071,0.0136785539814,0.00858194498256,-0.301533684161,0.317256730973,-0.24634033956,-0.0117824131418,-0.0548369416278,-0.169115528666,-0.111906746382,0
-0.0185836782969,0.0936070524493,0.178333233191,0.0775802154523,-0.0406692721055,-0.260383572259,-0.322630730574,0.317256730973,-0.265267784355,-0.0390861674081,-0.152397917238,-0.110507470058,-0.104774078764,0
0.09457421644,0.0441999378248,-0.00883254220994,0.0260338236998,-0.116756228627,-0.308659434328,-0.322630730574,0.0153699385202,-0.299968099812,0.0462380646739,-0.209308486343,-0.05189941145,0.0236139383545,0
0.136679479598,0.164753297509,0.189028420357,0.206446194834,-0.0297997068881,-0.256935296397,-0.318411321291,0.260652957388,-0.328359267005,-0.0604172254285,-0.0548369416278,-0.202082561633,-0.161835419705,0
0.162995269072,0.516531953635,-0.00883254220994,0.0260338236998,-0.0841475329751,-0.101762882604,-0.259339591334,0.204049183803,-0.180094282777,-0.0561510138244,-0.0385767790262,-0.205745565296,-0.140437416852,0
-0.197531046718,0.305069503042,-0.0890464459533,-0.0512857639291,0.133243771373,-0.315555986052,-0.263559000616,-0.135573457706,-0.142239393188,0.268934310408,-0.249958892847,-0.224060583611,0.0771089454872,0
0.0419426374926,0.243804680908,-0.115784413868,0.0775802154523,0.0245481191988,-0.274176675707,-0.312082207367,0.12857748569,-0.0917662070677,-0.0902807066572,-0.290609299351,-0.341276700827,0.059277276443,0
0.231416321703,0.5343185149,-0.0730036652046,0.0260338236998,-0.214582315584,-0.453487020535,-0.356386004836,0.0719737121052,-0.287349803282,-0.0134888977835,-0.306869461953,-0.469481829032,-0.236728429691,0
-0.0343731519811,0.449338277746,0.0606861743676,0.103353411329,-0.149364924279,-0.205211158466,-0.290985160954,0.204049183803,-0.230567468897,0.221152740442,-0.339389787156,-0.275342634893,-0.0869424097197,0
0.0840479006505,0.178587289603,0.00721023853872,0.103353411329,-0.0841475329751,-0.125900813638,-0.267778409899,0.166313334747,-0.10753907773,0.286852399145,-0.331259705855,-0.363254722805,-0.0691107406754,0
0.0208900059137,0.309022072212,-0.00348494862705,0.103353411329,0.14411333659,-0.305211158466,-0.134867017494,-0.0412338350647,-0.142239393188,0.370470146585,-0.314999543254,-0.469481829032,-0.140437416852,0
0.131416321703,0.154871874584,0.135552484528,0.23221939071,0.252808988764,-0.308659434328,-0.0968923339497,-0.267648929404,-0.10753907773,0.30221076092,-0.298739380652,-0.480470840021,-0.176100754941,0
-0.05542578356,0.0659390682595,0.0606861743676,0.129126607205,0.133243771373,-0.281073227431,-0.141196131418,-0.229913080348,-0.104384503598,0.4899240715,-0.388170274961,-0.41819977775,-0.190366090176,0
0.0287847427558,-0.0862348447839,0.205071201106,0.309538978339,0.176722032242,-0.0327973653623,-0.158073768549,-0.192177231291,-0.00974727962287,0.174224412797,-0.282479218051,-0.469481829032,-0.229595762073,0
0.0603636901242,0.190444997113,-0.0462656972902,-0.0512857639291,-0.0189301416707,-0.170728399845,-0.25301047741,0.468200127199,0.0880445184844,0.466033286517,-0.323129624555,-0.403547763098,-0.0512790716312,0
-0.110688941455,-0.206788204468,-0.142522381782,0.0260338236998,0.0354176844162,-0.281073227431,-0.305753093443,0.317256730973,-0.0602204657427,0.216886528838,-0.306869461953,-0.388895748446,-0.0762434082931,0
0.04457421644,0.563962783675,-0.0248753229586,0.129126607205,-0.0732779677577,-0.191418055017,-0.295204570237,0.468200127199,-0.0129018537554,0.242483798462,-0.290609299351,-0.414536774087,-0.0156157335428,0
0.220890005914,0.352500333082,0.00721023853872,0.000260627823468,-0.116756228627,-0.170728399845,-0.25301047741,0.222917108332,-0.00974727962287,0.337193696073,-0.314999543254,-0.355928715479,-0.190366090176,0
-0.144899467771,0.137085313319,0.146247671694,0.386858565968,-0.0297997068881,-0.136245641224,-0.305753093443,0.505935976256,-0.142239393188,0.208354105629,-0.233698730246,-0.322961682512,0.0949406145314,0
0.352468953282,-0.129713105654,0.178333233191,0.283765782463,-0.0189301416707,0.174099186362,-0.151744654625,0.317256730973,0.349874171481,0.67763738208,-0.314999543254,-0.238712598263,-0.0619780730578,0
0.126153163808,-0.131689390238,0.146247671694,0.154899803081,-0.116756228627,0.10513366912,-0.196048452093,0.298388806445,0.220536632049,0.570982091978,-0.314999543254,-0.304646664197,-0.0905087435285,0
-0.168583678297,0.295188080117,0.00721023853872,0.0775802154523,-0.127625793845,0.00168539325843,-0.234023135637,0.260652957388,-0.173785134512,0.221152740442,-0.323129624555,-0.377906737457,-0.161835419705,0
0.181416321703,0.182539858773,0.0927717358649,0.0260338236998,0.0788959452858,-0.160383572259,-0.309972502726,0.260652957388,-0.249494913692,0.0701288496568,0.00207362747785,-0.289994649545,-0.0477127378224,0
-0.0396363098758,0.184516143358,0.114162110196,0.129126607205,0.0680263800684,-0.222452537776,-0.301533684161,0.449332202671,-0.199021727572,0.0445315800322,-0.0710971042295,-0.183767543318,-0.126172081617,0
-0.0106889414548,0.220089265888,-0.00883254220994,-0.0512857639291,0.0680263800684,-0.31210771019,-0.280436637747,0.0719737121052,-0.205330875837,0.0189343104076,-0.225568648945,-0.315635675186,-0.0512790716312,0
0.205100532229,0.0837256295244,-0.0355705101244,0.129126607205,-0.10588666341,-0.325900813638,-0.28465604703,0.0908416366335,-0.176939708645,0.38582850836,-0.209308486343,-0.341276700827,-0.0940750773374,0
0.191942637493,0.399931163121,-0.0569608844559,0.154899803081,-0.127625793845,-0.350038744673,-0.328959844498,0.298388806445,-0.139084819055,0.133268781397,-0.144267835937,-0.315635675186,-0.161835419705,0
0.118258426966,0.269496380513,0.124857297362,0.180672998957,0.122374206155,-0.205211158466,-0.234023135637,0.12857748569,-0.0412930209478,0.47968516365,-0.0873572668311,-0.385232744783,-0.0370137363958,0
-0.0475310467179,0.204278989208,-0.0355705101244,0.000260627823468,-0.127625793845,-0.281073227431,-0.288875456313,0.0719737121052,-0.19586715344,0.443848986176,-0.193048323742,-0.315635675186,-0.0441464040135,0
0.152468953282,0.0481525069947,0.172985639608,0.257992586586,0.057156814851,-0.256935296397,-0.250900772768,0.0531057875768,-0.0160564278879,0.307330214844,-0.17678816114,-0.297320656871,0.00221593550145,0
0.105100532229,0.447361993161,0.263894730517,0.283765782463,0.133243771373,-0.108659434328,-0.225584317072,-0.173309306763,-0.151703115585,0.293678337711,-0.233698730246,-0.253364612915,-0.0833760759108,0
-0.210688941455,0.137085313319,-0.0248753229586,-0.0255125680528,-0.0406692721055,-0.360383572259,-0.324740435215,0.0719737121052,-0.27157693262,0.0377056414657,-0.241828811547,-0.286331645882,-0.168968087323,0
-0.0606889414548,0.0106030998801,-0.0462656972902,0.000260627823468,-0.149364924279,-0.31210771019,-0.320521025933,0.222917108332,-0.299968099812,0.413132177302,-0.314999543254,-0.359591719142,-0.197498757794,0
0.305100532229,0.0343185148999,0.0606861743676,0.0260338236998,-0.0950170981925,-0.21210771019,-0.280436637747,0.147445410218,-0.110693651863,0.39606741621,-0.27434913675,-0.330287689838,-0.0619780730578,0
0.186679479598,0.654871874584,0.0446433936189,0.051807019576,-0.0515388373229,-0.21210771019,-0.299423979519,0.298388806445,-0.167475986247,0.225418952046,-0.258088974148,-0.319298678849,-0.00491673211624,0
0.105100532229,0.310998356797,0.0606861743676,0.180672998957,0.0245481191988,-0.170728399845,-0.26988811454,0.12857748569,-0.0570658916103,0.191289259213,-0.209308486343,-0.385232744783,0.00221593550145,0
0.0708900059137,0.384120886441,-0.0569608844559,0.0260338236998,0.220200293112,-0.243142192948,-0.282546342388,0.12857748569,-0.0759933364052,0.438729532251,-0.298739380652,-0.385232744783,0.0628436102518,0
0.04457421644,0.0501287915797,0.00186264495584,0.0260338236998,0.220200293112,-0.222452537776,-0.28465604703,0.317256730973,-0.0412930209478,0.361937723377,-0.290609299351,-0.363254722805,0.0664099440607,0
0.297205795387,0.348547763912,0.199723607523,0.257992586586,-0.0406692721055,-0.0845215032933,-0.267778409899,0.373860504558,-0.0759933364052,0.353405300169,-0.282479218051,-0.370580730131,-0.133304749235,0
